3973 3973 79077
1 1 20.7090883966337991
2 1 2.4290027994597700
3 1 -7.7626159732388098
4 1 -9.2621595485501302
5 1 -2.2340862753894202
6 1 7.1397010373098899
25 1 -0.0000000000000000
26 1 0.0000000000002123
27 1 -0.0026472075564007
79 1 -1.2532825612663301
80 1 4.0052449635840004
86 1 0.8347309903226620
87 1 -2.6676363321925001
1 2 2.4290027994597700
2 2 74.3522493563672953
4 2 -0.6972991149903121
5 2 -33.8814194486025997
25 2 0.0000000000000000
26 2 0.0027572734563556
27 2 0.0027480010403555
79 2 5.7575772879604603
86 2 -6.4651373665853997
1 3 -7.7626159732388098
3 3 74.3522493563672953
4 3 2.5658656824756201
6 3 -33.8814194486025997
25 3 -0.0000000000000002
26 3 0.0008627793688888
27 3 0.0120155437706668
80 3 5.7575772879604603
87 3 -6.4651373665853997
1 4 -9.2621595485501302
2 4 -0.6972991149903121
3 4 2.5658656824756201
4 4 16.7974308784658000
5 4 1.9408957386066199
6 4 -7.1419533768131798
7 4 -8.8479689331145401
8 4 -1.8131890832272599
9 4 6.6720286093535304
10 4 1.0239042124155000
11 4 0.3018990257941440
12 4 -1.1109039624534400
25 4 0.0020374459968963
26 4 -0.0020374481591603
27 4 0.0013512424099361
28 4 -0.0020374459968963
29 4 0.0020374481588008
30 4 0.0013512424104973
79 4 0.4168825629177050
80 4 -1.5340112138646300
86 4 -0.9388923396853740
87 4 3.4548611666765199
88 4 0.6848993092987250
89 4 -2.5202378662208198
97 4 -0.1014308242431100
98 4 0.3732370592127140
1 5 -2.2340862753894202
2 5 -33.8814194486025997
4 5 1.9408957386066199
5 5 60.6350289734240988
7 5 -0.6313793000741010
8 5 -32.3721466940871991
10 5 0.0389717557510760
11 5 3.8049711885673201
25 5 -0.0018101613560000
26 5 0.0006974957582223
27 5 -0.0012065767930667
28 5 0.0018101613560000
29 5 0.0006975009160666
30 5 -0.0012066251532000
79 5 -1.6429900864602200
86 5 5.5008252023151600
88 5 -5.9439667564597896
97 5 1.0424800739485200
1 6 7.1397010373098899
3 6 -33.8814194486025997
4 6 -7.1419533768131798
6 6 60.6350289734240988
7 6 2.7279433439733398
9 6 -32.3721466940871991
10 6 -0.2031478139354970
12 6 3.8049711885673201
25 6 -0.0089373242266667
26 6 0.0001895614946669
27 6 -0.0059588471431112
28 6 0.0089373242266667
29 6 0.0001895425113331
30 6 -0.0059588602857778
80 6 -1.6429900864602200
87 6 5.5008252023151600
89 6 -5.9439667564597896
98 6 1.0424800739485200
4 7 -8.8479689331145401
5 7 -0.6313793000741010
6 7 2.7279433439733398
7 7 19.0083633719522993
8 7 1.6568663310237099
9 7 -7.1586722577683304
10 7 -8.5096790060316607
11 7 -1.4412520913996500
12 7 6.2270873455304603
29 7 -0.0000000000005031
30 7 -0.0027505587384008
86 7 0.3569824240311520
87 7 -1.5423816197917000
88 7 -0.8624692758747869
89 7 3.7263928675330100
97 7 0.5518490416969790
98 7 -2.3843241614013100
4 8 -1.8131890832272599
5 8 -32.3721466940871991
7 8 1.6568663310237099
8 8 68.1582154516514009
10 8 -0.5569559761376870
11 8 -31.1394551738285017
28 8 -0.0000000000000000
29 8 0.0028147017099556
30 8 0.0020749350841778
86 8 -1.8300066950066500
88 8 5.1643589231947296
97 8 -5.4586793688111799
4 9 6.6720286093535304
6 9 -32.3721466940871991
7 9 -7.1586722577683304
9 9 68.1582154516514009
10 9 2.9032407401238900
12 9 -31.1394551738285017
28 9 0.0000000000000002
29 9 0.0006514594302222
30 9 0.0118326315048887
87 9 -1.8300066950066500
89 9 5.1643589231947296
98 9 -5.4586793688111799
4 10 1.0239042124155000
5 10 0.0389717557510760
6 10 -0.2031478139354970
7 10 -8.5096790060316607
8 10 -0.5569559761376870
9 10 2.9032407401238900
10 10 15.5768458236165994
11 10 1.2831126437026199
12 10 -6.6884728074891804
13 10 -8.2307957712620201
14 10 -1.1154895073151700
15 10 5.8147047909896497
16 10 0.9555018117489100
17 10 0.1786113784642140
18 10 -0.9310463534353030
28 10 0.0021040940664069
29 10 -0.0021040962295544
30 10 0.0013956744573905
31 10 -0.0021040940664069
32 10 0.0021040962294579
33 10 0.0013956744566664
86 10 -0.0283902419912843
87 10 0.1479896270126320
88 10 0.2992746287517410
89 10 -1.5600268816627401
97 10 -0.6232170189613840
98 10 3.2486392406353399
99 10 0.4336084715200030
100 10 -2.2602680170694800
108 10 -0.0620286055400088
109 10 0.3233361026227840
4 11 0.3018990257941440
5 11 3.8049711885673201
7 11 -1.4412520913996500
8 11 -31.1394551738285017
10 11 1.2831126437026199
11 11 56.1906908144281019
13 11 -0.4743477157974710
14 11 -30.1232352245149002
16 11 0.0376798909801832
17 11 3.5551242945725798
28 11 -0.0013004522606667
29 11 0.0007098499407778
30 11 -0.0008668190896445
31 11 0.0013004522606667
32 11 0.0007098536457555
33 11 -0.0008668683060000
86 11 0.0981369621288373
88 11 -2.0231608374647201
97 11 5.0471943796776797
99 11 -5.0186119141227401
108 11 0.8467218635434220
4 12 -1.1109039624534400
6 12 3.8049711885673201
7 12 6.2270873455304603
9 12 -31.1394551738285017
10 12 -6.6884728074891804
12 12 56.1906908144281019
13 12 3.1043256425431300
15 12 -30.1232352245149002
16 12 -0.3299037867757680
18 12 3.5551242945725798
28 12 -0.0088193526466668
29 12 0.0001361872011114
30 12 -0.0058802125657778
31 12 0.0088193526466667
32 12 0.0001361678853329
33 12 -0.0058802220062222
87 12 0.0981369621288373
89 12 -2.0231608374647201
98 12 5.0471943796776797
100 12 -5.0186119141227401
109 12 0.8467218635434220
10 13 -8.2307957712620201
11 13 -0.4743477157974710
12 13 3.1043256425431300
13 13 17.8629367487069004
14 13 1.0299856399634100
15 13 -6.7406476875600001
16 13 -8.0159436049419792
17 13 -0.8287044479888940
18 13 5.4233811659796300
32 13 0.0000000000008854
33 13 -0.0028248080733307
97 13 0.2426434401405310
98 13 -1.5879580066213199
99 13 -0.5399355895692930
100 13 3.5335595391319399
108 13 0.3279979803206260
109 13 -2.1465530603428000
10 14 -1.1154895073151700
11 14 -30.1232352245149002
13 14 1.0299856399634100
14 14 63.9883698129493013
16 14 -0.3792570843062980
17 14 -29.3401974800380998
31 14 -0.0000000000000000
32 14 0.0028559592043556
33 14 0.0013899483968889
97 14 -2.2382336772427900
99 14 4.7650229931354300
108 14 -4.6077281451628096
10 15 5.8147047909896497
12 15 -30.1232352245149002
13 15 -6.7406476875600001
15 15 63.9883698129493013
16 15 3.3205602516203601
18 15 -29.3401974800380998
31 15 0.0000000000000001
32 15 0.0004363967751113
33 15 0.0117012240746668
98 15 -2.2382336772427900
100 15 4.7650229931354300
109 15 -4.6077281451628096
10 16 0.9555018117489100
11 16 0.0376798909801832
12 16 -0.3299037867757680
13 16 -8.0159436049419792
14 16 -0.3792570843062980
15 16 3.3205602516203601
16 16 14.8015436793475992
17 16 0.7302707388310450
18 16 -6.3938370267208304
19 16 -7.8549228278309000
20 16 -0.5778579689592260
21 16 5.0593971271961502
22 16 0.9160368934103750
23 16 0.0873282407370248
24 16 -0.7645966206951660
31 16 0.0021487399934147
32 16 -0.0021487421538761
33 16 0.0014254384074902
34 16 -0.0021487399934147
35 16 0.0021487421538786
36 16 0.0014254384081326
97 16 -0.0198855205294490
98 16 0.1741063563088000
99 16 0.1855828942709780
100 16 -1.6248587240606001
108 16 -0.3557458901853870
109 16 3.1147095506141400
110 16 0.2333901640317740
111 16 -2.0434321041638399
119 16 -0.0318556226750168
120 16 0.2789097918599380
10 17 0.1786113784642140
11 17 3.5551242945725798
13 17 -0.8287044479888940
14 17 -29.3401974800380998
16 17 0.7302707388310450
17 17 53.3682660548440992
19 17 -0.2704447874619810
20 17 -28.7534572017208987
22 17 0.0176417492246698
23 17 3.4109338290024600
31 17 -0.0007832719213334
32 17 0.0007181259561556
33 17 -0.0005220814131111
34 17 0.0007832719213333
35 17 0.0007181281875778
36 17 -0.0005221312031556
97 17 0.2307465680381210
99 17 -2.4635468144542800
108 17 4.7591144354907202
110 17 -4.2315275092672398
119 17 0.6725437329422270
10 18 -0.9310463534353030
12 18 3.5551242945725798
13 18 5.4233811659796300
15 18 -29.3401974800380998
16 18 -6.3938370267208304
18 18 53.3682660548440992
19 18 3.5603460071739499
21 18 -28.7534572017208987
22 18 -0.4651685342729510
24 18 3.4109338290024600
31 18 -0.0087403263666668
32 18 0.0000820305075558
33 18 -0.0058275378195556
34 18 0.0087403263666669
35 18 0.0000820109568888
36 18 -0.0058275435066669
98 18 0.2307465680381210
100 18 -2.4635468144542800
109 18 4.7591144354907202
111 18 -4.2315275092672398
120 18 0.6725437329422270
16 19 -7.8549228278309000
17 19 -0.2704447874619810
18 19 3.5603460071739499
19 19 17.2014840600517012
20 19 0.4933442331487900
21 19 -6.4947680712851596
22 19 -7.7505200232710596
23 19 -0.3582269480414300
24 19 4.7159787995570399
35 19 -0.0000000000008830
36 19 -0.0028695289951701
108 19 0.1269660548594800
109 19 -1.6714801224598399
110 19 -0.2597995920290260
111 19 3.4202043560406699
119 19 0.1481233470460610
120 19 -1.9500112099547200
16 20 -0.5778579689592260
17 20 -28.7534572017208987
19 20 0.4933442331487900
20 20 61.5810547061416997
22 20 -0.1447820383017660
23 20 -28.3729175520618995
34 20 -0.0000000000000000
35 20 0.0028808088923556
36 20 0.0006969763014222
108 20 -2.7098401104049699
110 20 4.5344876885519598
119 20 -3.8802332558800900
16 21 5.0593971271961502
18 21 -28.7534572017208987
19 21 -6.4947680712851596
21 21 61.5810547061416997
22 21 3.8175380280151199
24 21 -28.3729175520618995
34 21 -0.0000000000000001
35 21 0.0002188269848888
36 21 0.0116220764088889
109 21 -2.7098401104049699
111 21 4.5344876885519598
120 21 -3.8802332558800900
16 22 0.9160368934103750
17 22 0.0176417492246698
18 22 -0.4651685342729510
19 22 -7.7505200232710596
20 22 -0.1447820383017660
21 22 3.8175380280151199
22 22 14.4247746743552998
23 22 0.2369844655001070
24 22 -6.2486840198357401
34 22 0.0021711272552784
35 22 -0.0021711294183793
36 22 0.0014403632498375
37 22 -7.6978537579378203
38 22 -0.1667153167896360
39 22 4.3958633899772801
40 22 -0.0021711272552785
41 22 0.0021711294186018
42 22 0.0014403632489561
43 22 0.9031333712177880
44 22 0.0231246489096725
45 22 -0.6097388020824360
108 22 -0.0077580356580119
109 22 0.2045598783837270
110 22 0.0654998677801628
111 22 -1.7270666928970999
119 22 -0.1156251954860670
120 22 3.0487454517302401
121 22 0.0707818730395049
122 22 -1.8663398802222200
130 22 -0.0090804909523183
131 22 0.2394296967367640
16 23 0.0873282407370248
17 23 3.4109338290024600
19 23 -0.3582269480414300
20 23 -28.3729175520618995
22 23 0.2369844655001070
23 23 51.9968287845318002
34 23 -0.0002615915980000
35 23 0.0007222762583334
36 23 -0.0001743443209333
37 23 0.0000000000000597
38 23 -28.1810083125088013
40 23 0.0002615915980000
41 23 0.0007222770038667
42 23 -0.0001743943986667
43 23 -0.0231246489097378
44 23 3.3637825756836999
108 23 0.3684791317468030
110 23 -2.9709510119384399
119 23 4.6191351469869302
121 23 -3.5555268662302102
130 23 0.5145523403925090
16 24 -0.7645966206951660
18 24 3.4109338290024600
19 24 4.7159787995570399
21 24 -28.3729175520618995
22 24 -6.2486840198357401
24 24 51.9968287845318002
34 24 -0.0087006993933335
35 24 0.0000274025302224
36 24 -0.0058011255244446
37 24 4.0966643141108197
39 24 -28.1810083125088013
40 24 0.0087006993933336
41 24 0.0000273828746664
42 24 -0.0058011274240002
43 24 -0.6097388020824790
45 24 3.3637825756836999
109 24 0.3684791317468030
111 24 -2.9709510119384399
120 24 4.6191351469869302
122 24 -3.5555268662302102
131 24 0.5145523403925090
1 25 -0.0000000000000000
2 25 0.0000000000000000
3 25 -0.0000000000000002
4 25 0.0020374459968963
5 25 -0.0018101613560000
6 25 -0.0089373242266667
79 25 -0.0023176098466667
80 25 -0.0007252040800000
86 25 -0.0010388162660000
87 25 -0.0023936658433332
1 26 0.0000000000002123
2 26 0.0027572734563556
3 26 0.0008627793688888
4 26 -0.0020374481591603
5 26 0.0006974957582223
6 26 0.0001895614946669
79 26 -0.0015450732304000
80 26 -0.0004834693866667
86 26 -0.0008433909567778
87 26 -0.0023405542473333
1 27 -0.0026472075564007
2 27 0.0027480010403555
3 27 0.0120155437706668
4 27 0.0013512424099361
5 27 -0.0012065767930667
6 27 -0.0059588471431112
79 27 0.0006815014892444
80 27 0.0030214589257775
86 27 -0.0008851707391778
87 27 -0.0016578330662221
4 28 -0.0020374459968963
5 28 0.0018101613560000
6 28 0.0089373242266667
8 28 -0.0000000000000000
9 28 0.0000000000000002
10 28 0.0021040940664069
11 28 -0.0013004522606667
12 28 -0.0088193526466668
86 28 -0.0001337399176667
87 28 0.0020750122199999
88 28 -0.0023658808320000
89 28 -0.0005475803599999
97 28 -0.0009217732221666
98 28 -0.0023193095083333
4 29 0.0020374481588008
5 29 0.0006975009160666
6 29 0.0001895425113331
7 29 -0.0000000000005031
8 29 0.0028147017099556
9 29 0.0006514594302222
10 29 -0.0021040962295544
11 29 0.0007098499407778
12 29 0.0001361872011114
86 29 0.0000616868341889
87 29 0.0021281184987777
88 29 -0.0015772538883111
89 29 -0.0003650535728888
97 29 -0.0007228865031111
98 29 -0.0022811523922223
4 30 0.0013512424104973
5 30 -0.0012066251532000
6 30 -0.0059588602857778
7 30 -0.0027505587384008
8 30 0.0020749350841778
9 30 0.0118326315048887
10 30 0.0013956744573905
11 30 -0.0008668190896445
12 30 -0.0058802125657778
86 30 0.0002866999486111
87 30 -0.0013393657336666
88 30 0.0005145818114444
89 30 0.0029760968739998
97 30 -0.0008112889499444
98 30 -0.0015934939858889
10 31 -0.0021040940664069
11 31 0.0013004522606667
12 31 0.0088193526466667
14 31 -0.0000000000000000
15 31 0.0000000000000001
16 31 0.0021487399934147
17 31 -0.0007832719213334
18 31 -0.0087403263666668
97 31 -0.0002715502080000
98 31 0.0020903830600000
99 31 -0.0024005595726667
100 31 -0.0003668107266663
108 31 -0.0007994344938333
109 31 -0.0022540318466669
10 32 0.0021040962294579
11 32 0.0007098536457555
12 32 0.0001361678853329
13 32 0.0000000000008854
14 32 0.0028559592043556
15 32 0.0004363967751113
16 32 -0.0021487421538761
17 32 0.0007181259561556
18 32 0.0000820305075558
97 32 -0.0000726624502667
98 32 0.0021285347601112
99 32 -0.0016003730484000
100 32 -0.0002445404853331
108 32 -0.0005982289893000
109 32 -0.0022310484287780
10 33 0.0013956744566664
11 33 -0.0008668683060000
12 33 -0.0058802220062222
13 33 -0.0028248080733307
14 33 0.0013899483968889
15 33 0.0117012240746668
16 33 0.0014254384074902
17 33 -0.0005220814131111
18 33 -0.0058275378195556
97 33 0.0003813368446667
98 33 -0.0013647013681111
99 33 0.0003447058025555
100 33 0.0029435079573330
108 33 -0.0007327462186667
109 33 -0.0015349356803334
16 34 -0.0021487399934147
17 34 0.0007832719213333
18 34 0.0087403263666669
20 34 -0.0000000000000000
21 34 -0.0000000000000001
22 34 0.0021711272552784
23 34 -0.0002615915980000
24 34 -0.0087006993933335
108 34 -0.0004078004093333
109 34 0.0021161477650001
110 34 -0.0024214468306667
111 34 -0.0001839337200003
119 34 -0.0006725029255000
120 34 -0.0021982078883331
16 35 0.0021487421538786
17 35 0.0007181281875778
18 35 0.0000820109568888
19 35 -0.0000000000008830
20 35 0.0028808088923556
21 35 0.0002188269848888
22 35 -0.0021711294183793
23 35 0.0007222762583334
24 35 0.0000274025302224
108 35 -0.0002065942794556
109 35 0.0021391257076667
110 35 -0.0016142978870667
111 35 -0.0001226224791113
119 35 -0.0004701345834444
120 35 -0.0021905302078888
16 36 0.0014254384081326
17 36 -0.0005221312031556
18 36 -0.0058275435066669
19 36 -0.0028695289951701
20 36 0.0006969763014222
21 36 0.0116220764088889
22 36 0.0014403632498375
23 36 -0.0001743443209333
24 36 -0.0058011255244446
108 36 0.0004737829160556
109 36 -0.0013971322084444
110 36 0.0001728494210000
111 36 0.0029238794168887
119 36 -0.0006499937789444
120 36 -0.0014824945773332
22 37 -7.6978537579378203
23 37 0.0000000000000597
24 37 4.0966643141108197
37 37 16.9851201537280012
38 37 -0.0000000000000934
39 37 -6.4135927636713497
41 37 0.0000000000000000
42 37 -0.0028844645666670
43 37 -7.6978537579390096
44 37 0.0000000000000597
45 37 4.0966643141113703
119 37 -0.0000000000000261
120 37 -1.7920917854267500
121 37 0.0000000000000493
122 37 3.3827921644091701
130 37 -0.0000000000000261
131 37 -1.7920917854270300
22 38 -0.1667153167896360
23 38 -28.1810083125088013
37 38 -0.0000000000000934
38 38 60.7937164314461995
40 38 -0.0000000000000000
41 38 0.0028891080144000
42 38 0.0000000000000000
43 38 0.1667153167901240
44 38 -28.1810083125117004
119 38 -3.2531675463177301
121 38 4.4590897922913104
130 38 -3.2531675463180698
22 39 4.3958633899772801
24 39 -28.1810083125088013
37 39 -6.4135927636713497
39 39 60.7937164314461995
40 39 0.0000000000000001
41 39 0.0000000000000001
42 39 0.0115956432302223
43 39 4.3958633899779898
45 39 -28.1810083125117004
120 39 -3.2531675463177301
122 39 4.4590897922913104
131 39 -3.2531675463180698
22 40 -0.0021711272552785
23 40 0.0002615915980000
24 40 0.0087006993933336
38 40 -0.0000000000000000
39 40 0.0000000000000001
43 40 0.0021711272552784
44 40 0.0002615915980000
45 40 -0.0087006993933335
119 40 -0.0005417077525000
120 40 0.0021521583383332
121 40 -0.0024284226093333
122 40 0.0000000000000001
130 40 -0.0005417077525000
131 40 -0.0021521583383334
22 41 0.0021711294186018
23 41 0.0007222770038667
24 41 0.0000273828746664
37 41 0.0000000000000000
38 41 0.0028891080144000
39 41 0.0000000000000001
43 41 -0.0021711294186018
44 41 0.0007222770038666
45 41 -0.0000273828746664
119 41 -0.0003393392018778
120 41 0.0021598305076666
121 41 -0.0016189484063111
122 41 0.0000000000000001
130 41 -0.0003393392018778
131 41 -0.0021598305076668
22 42 0.0014403632489561
23 42 -0.0001743943986667
24 42 -0.0058011274240002
37 42 -0.0028844645666670
38 42 0.0000000000000000
39 42 0.0115956432302223
43 42 0.0014403632489560
44 42 0.0001743943986667
45 42 -0.0058011274240001
119 42 0.0005635070524445
120 42 -0.0014364719506666
121 42 0.0000000000000000
122 42 0.0029173240191110
130 42 -0.0005635070524444
131 42 -0.0014364719506667
22 43 0.9031333712177880
23 43 -0.0231246489097378
24 43 -0.6097388020824790
37 43 -7.6978537579390096
38 43 0.1667153167901240
39 43 4.3958633899779898
40 43 0.0021711272552784
41 43 -0.0021711294186018
42 43 0.0014403632489560
43 43 14.4247746743559002
44 43 -0.2369844655007930
45 43 -6.2486840198365901
46 43 -7.7505200232709797
47 43 0.1447820383021490
48 43 3.8175380280146700
49 43 -0.0021711272552784
50 43 0.0021711294183792
51 43 0.0014403632498375
52 43 0.9160368934103860
53 43 -0.0176417492247148
54 43 -0.4651685342728570
119 43 0.0090804909523427
120 43 0.2394296967367450
121 43 -0.0707818730397065
122 43 -1.8663398802223801
130 43 0.1156251954863960
131 43 3.0487454517304799
132 43 -0.0654998677803396
133 43 -1.7270666928970000
141 43 0.0077580356580325
142 43 0.2045598783837080
22 44 0.0231246489096725
23 44 3.3637825756836999
37 44 0.0000000000000597
38 44 -28.1810083125117004
40 44 0.0002615915980000
41 44 0.0007222770038666
42 44 0.0001743943986667
43 44 -0.2369844655007930
44 44 51.9968287845343013
46 44 0.3582269480415730
47 44 -28.3729175520618995
49 44 -0.0002615915980000
50 44 0.0007222762583334
51 44 0.0001743443209333
52 44 -0.0873282407370741
53 44 3.4109338290024902
119 44 0.5145523403924520
121 44 -3.5555268662302102
130 44 4.6191351469871602
132 44 -2.9709510119382001
141 44 0.3684791317467170
22 45 -0.6097388020824360
24 45 3.3637825756836999
37 45 4.0966643141113703
39 45 -28.1810083125117004
40 45 -0.0087006993933335
41 45 -0.0000273828746664
42 45 -0.0058011274240001
43 45 -6.2486840198365901
45 45 51.9968287845343013
46 45 4.7159787995574298
48 45 -28.3729175520618995
49 45 0.0087006993933335
50 45 -0.0000274025302225
51 45 -0.0058011255244446
52 45 -0.7645966206952830
54 45 3.4109338290024902
120 45 0.5145523403924520
122 45 -3.5555268662302102
131 45 4.6191351469871602
133 45 -2.9709510119382001
142 45 0.3684791317467170
43 46 -7.7505200232709797
44 46 0.3582269480415730
45 46 4.7159787995574298
46 46 17.2014840600521985
47 46 -0.4933442331489390
48 46 -6.4947680712851099
50 46 0.0000000000008830
51 46 -0.0028695289951701
52 46 -7.8549228278310501
53 46 0.2704447874620630
54 46 3.5603460071739099
130 46 -0.1481233470461170
131 46 -1.9500112099548399
132 46 0.2597995920291110
133 46 3.4202043560407098
141 46 -0.1269660548595200
142 46 -1.6714801224598399
43 47 0.1447820383021490
44 47 -28.3729175520618995
46 47 -0.4933442331489390
47 47 61.5810547061418987
49 47 0.0000000000000000
50 47 0.0028808088923556
51 47 -0.0006969763014222
52 47 0.5778579689594880
53 47 -28.7534572017208987
130 47 -3.8802332558804702
132 47 4.5344876885521304
141 47 -2.7098401104048300
43 48 3.8175380280146700
45 48 -28.3729175520618995
46 48 -6.4947680712851099
48 48 61.5810547061418987
49 48 0.0000000000000000
50 48 -0.0002188269848889
51 48 0.0116220764088890
52 48 5.0593971271963198
54 48 -28.7534572017208987
131 48 -3.8802332558804702
133 48 4.5344876885521304
142 48 -2.7098401104048300
43 49 -0.0021711272552784
44 49 -0.0002615915980000
45 49 0.0087006993933335
47 49 0.0000000000000000
48 49 0.0000000000000000
52 49 0.0021487399934147
53 49 0.0007832719213333
54 49 -0.0087403263666669
130 49 -0.0006725029255000
131 49 0.0021982078883332
132 49 -0.0024214468306667
133 49 0.0001839337200002
141 49 -0.0004078004093333
142 49 -0.0021161477650000
43 50 0.0021711294183792
44 50 0.0007222762583334
45 50 -0.0000274025302225
46 50 0.0000000000008830
47 50 0.0028808088923556
48 50 -0.0002188269848889
52 50 -0.0021487421538786
53 50 0.0007181281875778
54 50 -0.0000820109568888
130 50 -0.0004701345834444
131 50 0.0021905302078889
132 50 -0.0016142978870667
133 50 0.0001226224791113
141 50 -0.0002065942794556
142 50 -0.0021391257076667
43 51 0.0014403632498375
44 51 0.0001743443209333
45 51 -0.0058011255244446
46 51 -0.0028695289951701
47 51 -0.0006969763014222
48 51 0.0116220764088890
52 51 0.0014254384081326
53 51 0.0005221312031556
54 51 -0.0058275435066669
130 51 0.0006499937789444
131 51 -0.0014824945773332
132 51 -0.0001728494210000
133 51 0.0029238794168888
141 51 -0.0004737829160556
142 51 -0.0013971322084444
43 52 0.9160368934103860
44 52 -0.0873282407370741
45 52 -0.7645966206952830
46 52 -7.8549228278310501
47 52 0.5778579689594880
48 52 5.0593971271963198
49 52 0.0021487399934147
50 52 -0.0021487421538786
51 52 0.0014254384081326
52 52 14.8015436793474002
53 52 -0.7302707388313900
54 52 -6.3938370267211697
55 52 -8.0159436049419792
56 52 0.3792570843064330
57 52 3.3205602516201500
58 52 -0.0021487399934147
59 52 0.0021487421538761
60 52 0.0014254384074902
61 52 0.9555018117488741
62 52 -0.0376798909801845
63 52 -0.3299037867756420
130 52 0.0318556226750324
131 52 0.2789097918599590
132 52 -0.2333901640318710
133 52 -2.0434321041638399
141 52 0.3557458901855330
142 52 3.1147095506141098
143 52 -0.1855828942710400
144 52 -1.6248587240604599
152 52 0.0198855205294530
153 52 0.1741063563087620
43 53 -0.0176417492247148
44 53 3.4109338290024902
46 53 0.2704447874620630
47 53 -28.7534572017208987
49 53 0.0007832719213333
50 53 0.0007181281875778
51 53 0.0005221312031556
52 53 -0.7302707388313900
53 53 53.3682660548442982
55 53 0.8287044479896860
56 53 -29.3401974800379008
58 53 -0.0007832719213333
59 53 0.0007181259561556
60 53 0.0005220814131111
61 53 -0.1786113784643120
62 53 3.5551242945725199
130 53 0.6725437329423050
132 53 -4.2315275092672904
141 53 4.7591144354901997
143 53 -2.4635468144537200
152 53 0.2307465680380290
43 54 -0.4651685342728570
45 54 3.4109338290024902
46 54 3.5603460071739099
48 54 -28.7534572017208987
49 54 -0.0087403263666669
50 54 -0.0000820109568888
51 54 -0.0058275435066669
52 54 -6.3938370267211697
54 54 53.3682660548442982
55 54 5.4233811659800901
57 54 -29.3401974800379008
58 54 0.0087403263666667
59 54 -0.0000820305075559
60 54 -0.0058275378195555
61 54 -0.9310463534354340
63 54 3.5551242945725199
131 54 0.6725437329423050
133 54 -4.2315275092672904
142 54 4.7591144354901997
144 54 -2.4635468144537200
153 54 0.2307465680380290
52 55 -8.0159436049419792
53 55 0.8287044479896860
54 55 5.4233811659800901
55 55 17.8629367487071988
56 55 -1.0299856399642799
57 55 -6.7406476875598296
59 55 -0.0000000000008854
60 55 -0.0028248080733305
61 55 -8.2307957712620201
62 55 0.4743477157978000
63 55 3.1043256425425598
141 55 -0.3279979803209190
142 55 -2.1465530603428400
143 55 0.5399355895697440
144 55 3.5335595391318000
152 55 -0.2426434401407280
153 55 -1.5879580066212200
52 56 0.3792570843064330
53 56 -29.3401974800379008
55 56 -1.0299856399642799
56 56 63.9883698129490028
58 56 0.0000000000000000
59 56 0.0028559592043556
60 56 -0.0013899483968889
61 56 1.1154895073156501
62 56 -30.1232352245147013
141 56 -4.6077281451628904
143 56 4.7650229931351804
152 56 -2.2382336772427598
52 57 3.3205602516201500
54 57 -29.3401974800379008
55 57 -6.7406476875598296
57 57 63.9883698129490028
58 57 -0.0000000000000001
59 57 -0.0004363967751112
60 57 0.0117012240746667
61 57 5.8147047909897900
63 57 -30.1232352245147013
142 57 -4.6077281451628904
144 57 4.7650229931351804
153 57 -2.2382336772427598
52 58 -0.0021487399934147
53 58 -0.0007832719213333
54 58 0.0087403263666667
56 58 0.0000000000000000
57 58 -0.0000000000000001
61 58 0.0021040940664068
62 58 0.0013004522606667
63 58 -0.0088193526466665
141 58 -0.0007994344938334
142 58 0.0022540318466669
143 58 -0.0024005595726667
144 58 0.0003668107266665
152 58 -0.0002715502080000
153 58 -0.0020903830600001
52 59 0.0021487421538761
53 59 0.0007181259561556
54 59 -0.0000820305075559
55 59 -0.0000000000008854
56 59 0.0028559592043556
57 59 -0.0004363967751112
61 59 -0.0021040962294577
62 59 0.0007098536457555
63 59 -0.0001361678853329
141 59 -0.0005982289893000
142 59 0.0022310484287780
143 59 -0.0016003730484000
144 59 0.0002445404853332
152 59 -0.0000726624502667
153 59 -0.0021285347601112
52 60 0.0014254384074902
53 60 0.0005220814131111
54 60 -0.0058275378195555
55 60 -0.0028248080733305
56 60 -0.0013899483968889
57 60 0.0117012240746667
61 60 0.0013956744566663
62 60 0.0008668683060000
63 60 -0.0058802220062220
141 60 0.0007327462186667
142 60 -0.0015349356803334
143 60 -0.0003447058025555
144 60 0.0029435079573329
152 60 -0.0003813368446667
153 60 -0.0013647013681111
52 61 0.9555018117488741
53 61 -0.1786113784643120
54 61 -0.9310463534354340
55 61 -8.2307957712620201
56 61 1.1154895073156501
57 61 5.8147047909897900
58 61 0.0021040940664068
59 61 -0.0021040962294577
60 61 0.0013956744566663
61 61 15.5768458236167007
62 61 -1.2831126437030300
63 61 -6.6884728074886404
64 61 -8.5096790060316003
65 61 0.5569559761378460
66 61 2.9032407401235498
67 61 -0.0021040940664068
68 61 0.0021040962295544
69 61 0.0013956744573904
70 61 1.0239042124155400
71 61 -0.0389717557510691
72 61 -0.2031478139353790
141 61 0.0620286055400339
142 61 0.3233361026227840
143 61 -0.4336084715201580
144 61 -2.2602680170693601
152 61 0.6232170189616010
153 61 3.2486392406351698
154 61 -0.2992746287518510
155 61 -1.5600268816626901
163 61 0.0283902419912916
164 61 0.1479896270126100
52 62 -0.0376798909801845
53 62 3.5551242945725199
55 62 0.4743477157978000
56 62 -30.1232352245147013
58 62 0.0013004522606667
59 62 0.0007098536457555
60 62 0.0008668683060000
61 62 -1.2831126437030300
62 62 56.1906908144281019
64 62 1.4412520913997899
65 62 -31.1394551738288996
67 62 -0.0013004522606667
68 62 0.0007098499407778
69 62 0.0008668190896444
70 62 -0.3018990257943400
71 62 3.8049711885673800
141 62 0.8467218635433870
143 62 -5.0186119141223999
152 62 5.0471943796774799
154 62 -2.0231608374643200
163 62 0.0981369621287378
52 63 -0.3299037867756420
54 63 3.5551242945725199
55 63 3.1043256425425598
57 63 -30.1232352245147013
58 63 -0.0088193526466665
59 63 -0.0001361678853329
60 63 -0.0058802220062220
61 63 -6.6884728074886404
63 63 56.1906908144281019
64 63 6.2270873455307196
66 63 -31.1394551738288996
67 63 0.0088193526466667
68 63 -0.0001361872011115
69 63 -0.0058802125657778
70 63 -1.1109039624535400
72 63 3.8049711885673800
142 63 0.8467218635433870
144 63 -5.0186119141223999
153 63 5.0471943796774799
155 63 -2.0231608374643200
164 63 0.0981369621287378
61 64 -8.5096790060316003
62 64 1.4412520913997899
63 64 6.2270873455307196
64 64 19.0083633719521998
65 64 -1.6568663310239100
66 64 -7.1586722577687603
67 64 0.0000000000000000
68 64 0.0000000000005032
69 64 -0.0027505587384007
70 64 -8.8479689331147693
71 64 0.6313793000740729
72 64 2.7279433439730498
152 64 -0.5518490416970040
153 64 -2.3843241614012798
154 64 0.8624692758748300
155 64 3.7263928675329900
163 64 -0.3569824240311550
164 64 -1.5423816197916300
61 65 0.5569559761378460
62 65 -31.1394551738288996
64 65 -1.6568663310239100
65 65 68.1582154516514009
67 65 -0.0000000000000000
68 65 0.0028147017099556
69 65 -0.0020749350841778
70 65 1.8131890832283299
71 65 -32.3721466940867018
152 65 -5.4586793688113699
154 65 5.1643589231942704
163 65 -1.8300066950064100
61 66 2.9032407401235498
63 66 -31.1394551738288996
64 66 -7.1586722577687603
66 66 68.1582154516514009
67 66 -0.0000000000000000
68 66 -0.0006514594302222
69 66 0.0118326315048887
70 66 6.6720286093537604
72 66 -32.3721466940867018
153 66 -5.4586793688113699
155 66 5.1643589231942704
164 66 -1.8300066950064100
61 67 -0.0021040940664068
62 67 -0.0013004522606667
63 67 0.0088193526466667
64 67 0.0000000000000000
65 67 -0.0000000000000000
66 67 -0.0000000000000000
70 67 0.0020374459968961
71 67 0.0018101613560000
72 67 -0.0089373242266668
152 67 -0.0009217732221667
153 67 0.0023193095083333
154 67 -0.0023658808320000
155 67 0.0005475803600002
163 67 -0.0001337399176667
164 67 -0.0020750122199999
61 68 0.0021040962295544
62 68 0.0007098499407778
63 68 -0.0001361872011115
64 68 0.0000000000005032
65 68 0.0028147017099556
66 68 -0.0006514594302222
70 68 -0.0020374481588006
71 68 0.0006975009160666
72 68 -0.0001895425113332
152 68 -0.0007228865031111
153 68 0.0022811523922222
154 68 -0.0015772538883111
155 68 0.0003650535728890
163 68 0.0000616868341889
164 68 -0.0021281184987777
61 69 0.0013956744573904
62 69 0.0008668190896444
63 69 -0.0058802125657778
64 69 -0.0027505587384007
65 69 -0.0020749350841778
66 69 0.0118326315048887
70 69 0.0013512424104972
71 69 0.0012066251532000
72 69 -0.0059588602857778
152 69 0.0008112889499444
153 69 -0.0015934939858889
154 69 -0.0005145818114444
155 69 0.0029760968739998
163 69 -0.0002866999486111
164 69 -0.0013393657336665
61 70 1.0239042124155400
62 70 -0.3018990257943400
63 70 -1.1109039624535400
64 70 -8.8479689331147693
65 70 1.8131890832283299
66 70 6.6720286093537604
67 70 0.0020374459968961
68 70 -0.0020374481588006
69 70 0.0013512424104972
70 70 16.7974308784660984
71 70 -1.9408957386075201
72 70 -7.1419533768125198
73 70 -9.2621595485499597
74 70 0.6972991149905819
75 70 2.5658656824751902
76 70 -0.0020374459968961
77 70 0.0020374481591601
78 70 0.0013512424099360
152 70 0.1014308242431680
153 70 0.3732370592127200
154 70 -0.6848993092991160
155 70 -2.5202378662208700
163 70 0.9388923396858569
164 70 3.4548611666763902
165 70 -0.4168825629179050
166 70 -1.5340112138645201
61 71 -0.0389717557510691
62 71 3.8049711885673800
64 71 0.6313793000740729
65 71 -32.3721466940867018
67 71 0.0018101613560000
68 71 0.0006975009160666
69 71 0.0012066251532000
70 71 -1.9408957386075201
71 71 60.6350289734229975
73 71 2.2340862753895401
74 71 -33.8814194486022018
76 71 -0.0018101613560000
77 71 0.0006974957582223
78 71 0.0012065767930667
152 71 1.0424800739486300
154 71 -5.9439667564601004
163 71 5.5008252023154398
165 71 -1.6429900864599800
61 72 -0.2031478139353790
63 72 3.8049711885673800
64 72 2.7279433439730498
66 72 -32.3721466940867018
67 72 -0.0089373242266668
68 72 -0.0001895425113332
69 72 -0.0059588602857778
70 72 -7.1419533768125198
72 72 60.6350289734229975
73 72 7.1397010373099201
75 72 -33.8814194486022018
76 72 0.0089373242266667
77 72 -0.0001895614946669
78 72 -0.0059588471431111
153 72 1.0424800739486300
155 72 -5.9439667564601004
164 72 5.5008252023154398
166 72 -1.6429900864599800
70 73 -9.2621595485499597
71 73 2.2340862753895401
72 73 7.1397010373099201
73 73 20.7090883966338986
74 73 -2.4290027994598100
75 73 -7.7626159732385496
76 73 -0.0000000000000000
77 73 -0.0000000000002123
78 73 -0.0026472075564005
163 73 -0.8347309903227360
164 73 -2.6676363321926000
165 73 1.2532825612664000
166 73 4.0052449635840004
70 74 0.6972991149905819
71 74 -33.8814194486022018
73 74 -2.4290027994598100
74 74 74.3522493563672953
76 74 0.0000000000000000
77 74 0.0027572734563556
78 74 -0.0027480010403555
163 74 -6.4651373665861298
165 74 5.7575772879607401
70 75 2.5658656824751902
72 75 -33.8814194486022018
73 75 -7.7626159732385496
75 75 74.3522493563672953
76 75 0.0000000000000001
77 75 -0.0008627793688889
78 75 0.0120155437706668
164 75 -6.4651373665861298
166 75 5.7575772879607401
70 76 -0.0020374459968961
71 76 -0.0018101613560000
72 76 0.0089373242266667
73 76 -0.0000000000000000
74 76 0.0000000000000000
75 76 0.0000000000000001
163 76 -0.0010388162660000
164 76 0.0023936658433333
165 76 -0.0023176098466666
166 76 0.0007252040800000
70 77 0.0020374481591601
71 77 0.0006974957582223
72 77 -0.0001895614946669
73 77 -0.0000000000002123
74 77 0.0027572734563556
75 77 -0.0008627793688889
163 77 -0.0008433909567778
164 77 0.0023405542473334
165 77 -0.0015450732304000
166 77 0.0004834693866666
70 78 0.0013512424099360
71 78 0.0012065767930667
72 78 -0.0059588471431111
73 78 -0.0026472075564005
74 78 -0.0027480010403555
75 78 0.0120155437706668
163 78 0.0008851707391778
164 78 -0.0016578330662222
165 78 -0.0006815014892444
166 78 0.0030214589257775
1 79 -1.2532825612663301
2 79 5.7575772879604603
4 79 0.4168825629177050
5 79 -1.6429900864602200
25 79 -0.0023176098466667
26 79 -0.0015450732304000
27 79 0.0006815014892444
79 79 37.0457291760274003
81 79 6.8732738424172597
83 79 0.0023176098466667
84 79 -0.0015450732315556
85 79 0.0007872864362223
86 79 -15.8856378272712995
90 79 -6.9910317499591503
174 79 -3.7410620575598301
181 79 2.5886387058088900
1 80 4.0052449635840004
3 80 5.7575772879604603
4 80 -1.5340112138646300
6 80 -1.6429900864602200
25 80 -0.0007252040800000
26 80 -0.0004834693866667
27 80 0.0030214589257775
80 80 37.0457291760274003
82 80 6.8732738424172597
83 80 0.0007252040799998
84 80 -0.0004834693862222
85 80 0.0034007677491113
87 80 -15.8856378272712995
91 80 -6.9910317499591503
175 80 -3.7410620575598301
182 80 2.5886387058088900
79 81 6.8732738424172597
81 81 68.0115746318096939
83 81 0.0000000000000001
84 81 0.0034689469253334
85 81 0.0031271506640000
86 81 -2.1688844963587002
90 81 -30.5427715206613009
174 81 4.8896365782436497
181 81 -6.1664080010004598
80 82 6.8732738424172597
82 82 68.0115746318096939
83 82 0.0000000000000004
84 82 0.0010854693591109
85 82 0.0136733629555556
87 82 -2.1688844963587002
91 82 -30.5427715206613009
175 82 4.8896365782436497
182 82 -6.1664080010004598
79 83 0.0023176098466667
80 83 0.0007252040799998
81 83 0.0000000000000001
82 83 0.0000000000000004
86 83 0.0000712972916666
87 83 -0.0023832733600002
90 83 -0.0020599145333334
91 83 -0.0101704325866668
174 83 -0.0028858105466666
175 83 -0.0009029999533333
181 83 -0.0012449898766667
182 83 -0.0027410065183333
79 84 -0.0015450732315556
80 84 -0.0004834693862222
81 84 0.0034689469253334
82 84 0.0010854693591109
86 84 0.0001241280167778
87 84 0.0024363849550001
90 84 0.0008775247797779
91 84 0.0002384887677778
174 84 -0.0019238736982222
175 84 -0.0006019999684444
181 84 -0.0010016527954445
182 84 -0.0026748737283334
79 85 0.0007872864362223
80 85 0.0034007677491113
81 85 0.0031271506640000
82 85 0.0136733629555556
86 85 0.0002402636224444
87 85 -0.0015271303312225
90 85 -0.0013730516697778
91 85 -0.0067810064422222
174 85 0.0007749407811110
175 85 0.0034402220353333
181 85 -0.0010698507183334
182 85 -0.0019045906282222
1 86 0.8347309903226620
2 86 -6.4651373665853997
4 86 -0.9388923396853740
5 86 5.5008252023151600
7 86 0.3569824240311520
8 86 -1.8300066950066500
10 86 -0.0283902419912843
11 86 0.0981369621288373
25 86 -0.0010388162660000
26 86 -0.0008433909567778
27 86 -0.0008851707391778
28 86 -0.0001337399176667
29 86 0.0000616868341889
30 86 0.0002866999486111
79 86 -15.8856378272712995
81 86 -2.1688844963587002
83 86 0.0000712972916666
84 86 0.0001241280167778
85 86 0.0002402636224444
86 86 29.6505237697361004
88 86 -15.1685936225135993
90 86 6.4205330646862304
92 86 -6.4465999832290803
94 86 0.0011012588919999
95 86 -0.0009058321390222
96 86 -0.0009316329140000
97 86 1.7039324958400099
101 86 1.1029454388903399
174 86 1.3831018889800499
181 86 -3.2091699048623599
183 86 2.4143091671751500
192 86 -0.3636671391917230
1 87 -2.6676363321925001
3 87 -6.4651373665853997
4 87 3.4548611666765199
6 87 5.5008252023151600
7 87 -1.5423816197917000
9 87 -1.8300066950066500
10 87 0.1479896270126320
12 87 0.0981369621288373
25 87 -0.0023936658433332
26 87 -0.0023405542473333
27 87 -0.0016578330662221
28 87 0.0020750122199999
29 87 0.0021281184987777
30 87 -0.0013393657336666
80 87 -15.8856378272712995
82 87 -2.1688844963587002
83 87 -0.0023832733600002
84 87 0.0024363849550001
85 87 -0.0015271303312225
87 87 29.6505237697361004
89 87 -15.1685936225135993
91 87 6.4205330646862304
93 87 -6.4465999832290803
94 87 0.0027019269833335
95 87 -0.0026488207048890
96 87 -0.0018456046871111
98 87 1.7039324958400099
102 87 1.1029454388903399
175 87 1.3831018889800499
182 87 -3.2091699048623599
184 87 2.4143091671751500
193 87 -0.3636671391917230
4 88 0.6848993092987250
5 88 -5.9439667564597896
7 88 -0.8624692758747869
8 88 5.1643589231947296
10 88 0.2992746287517410
11 88 -2.0231608374647201
28 88 -0.0023658808320000
29 88 -0.0015772538883111
30 88 0.0005145818114444
86 88 -15.1685936225135993
88 88 34.0386297093159982
90 88 -2.3326399344835802
92 88 6.1857222563813297
94 88 0.0023658808320000
95 88 -0.0015772538883555
96 88 0.0005944569240001
97 88 -14.5896383887513004
101 88 -5.9421967342159396
181 88 1.3858191541157201
183 88 -3.4070864387725099
192 88 2.2575341293372699
4 89 -2.5202378662208198
6 89 -5.9439667564597896
7 89 3.7263928675330100
9 89 5.1643589231947296
10 89 -1.5600268816627401
12 89 -2.0231608374647201
28 89 -0.0005475803599999
29 89 -0.0003650535728888
30 89 0.0029760968739998
87 89 -15.1685936225135993
89 89 34.0386297093159982
91 89 -2.3326399344835802
93 89 6.1857222563813297
94 89 0.0005475803599996
95 89 -0.0003650535733331
96 89 0.0033483644453336
98 89 -14.5896383887513004
102 89 -5.9421967342159396
182 89 1.3858191541157201
184 89 -3.4070864387725099
193 89 2.2575341293372699
79 90 -6.9910317499591503
81 90 -30.5427715206613009
83 90 -0.0020599145333334
84 90 0.0008775247797779
85 90 -0.0013730516697778
86 90 6.4205330646862304
88 90 -2.3326399344835802
90 90 55.2111537304472009
92 90 -29.1779765515412990
94 90 0.0020599145333334
95 90 0.0008775312642666
96 90 -0.0013731067016889
97 90 0.1586023279812960
101 90 3.3939034074908800
174 90 -1.3442607294873801
181 90 4.8475077679289598
183 90 -5.6594588734694504
192 90 1.0167146531899400
80 91 -6.9910317499591503
82 91 -30.5427715206613009
83 91 -0.0101704325866668
84 91 0.0002384887677778
85 91 -0.0067810064422222
87 91 6.4205330646862304
89 91 -2.3326399344835802
91 91 55.2111537304472009
93 91 -29.1779765515412990
94 91 0.0101704325866669
95 91 0.0002384648897775
96 91 -0.0067810213982224
98 91 0.1586023279812960
102 91 3.3939034074908800
175 91 -1.3442607294873801
182 91 4.8475077679289598
184 91 -5.6594588734694504
193 91 1.0167146531899400
86 92 -6.4465999832290803
88 92 6.1857222563813297
90 92 -29.1779765515412990
92 92 62.3814333741700011
94 92 -0.0000000000000000
95 92 0.0035411978584889
96 92 0.0023612198567111
97 92 -2.5066781974029100
101 92 -28.0663042670096985
181 92 -1.5454988284438700
183 92 4.3610390044557104
192 92 -5.1851368073800499
87 93 -6.4465999832290803
89 93 6.1857222563813297
91 93 -29.1779765515412990
93 93 62.3814333741700011
94 93 0.0000000000000003
95 93 0.0008196061155556
96 93 0.0134652137564446
98 93 -2.5066781974029100
102 93 -28.0663042670096985
182 93 -1.5454988284438700
184 93 4.3610390044557104
193 93 -5.1851368073800499
86 94 0.0011012588919999
87 94 0.0027019269833335
88 94 0.0023658808320000
89 94 0.0005475803599996
90 94 0.0020599145333334
91 94 0.0101704325866669
92 94 -0.0000000000000000
93 94 0.0000000000000003
97 94 0.0002266903033334
98 94 -0.0023945746900001
101 94 -0.0014798794053333
102 94 -0.0100361841333332
181 94 -0.0002150380033333
182 94 0.0023442296433331
183 94 -0.0029459159600001
184 94 -0.0006818288133333
192 94 -0.0011129111919999
193 94 -0.0026515819366666
86 95 -0.0009058321390222
87 95 -0.0026488207048890
88 95 -0.0015772538883555
89 95 -0.0003650535733331
90 95 0.0008775312642666
91 95 0.0002384648897775
92 95 0.0035411978584889
