2568 2568 75628
1 1 4230549.7479136595502496
2 1 -142957.5962706340069417
3 1 -4834625.9206561399623752
4 1 -746510.4649173920042813
5 1 1004460.7822361800353974
6 1 14931323.9807845000177622
9 1 -1137559.0410336400382221
10 1 20052300.5892021991312504
71 1 604076.1760318280430511
72 1 -99305.7909503072005464
75 1 133098.2572009800060187
76 1 -4875005.1307197799906135
1 2 -142957.5962706340069417
2 2 81078258.9820885956287384
3 2 0.0000004260348060
4 2 324313035.9189509749412537
5 2 -5159140.8092208802700043
6 2 -39339541.6448519006371498
9 2 -0.0000002511552667
10 2 -157358166.5749450027942657
71 2 142957.5962705870042555
72 2 81088589.3930415958166122
75 2 5159140.8092208495363593
76 2 -38966731.3605230003595352
1 3 -4834625.9206561399623752
2 3 0.0000004260348060
3 3 9669251.8544713892042637
4 3 349360.1596714850165881
5 3 -1137559.0410436401143670
6 3 -19815947.0693425983190536
9 3 2275118.0756817599758506
10 3 82202.3905052160989726
71 3 -4834625.9206564100459218
72 3 -349360.1596706879790872
75 3 -1137559.0410236900206655
76 3 19733744.6788364984095097
1 4 -746510.4649173920042813
2 4 324313035.9189509749412537
3 4 349360.1596714850165881
4 4 1297264766.4284598827362061
5 4 -20677664.4321364015340805
6 4 -158074137.4219200015068054
9 4 82202.3905051779001951
10 4 -629429696.2441710233688354
71 4 397150.3052474390133284
72 4 324341734.8289049863815308
75 4 20595462.0416303016245365
76 4 -155153924.6551800072193146
1 5 1004460.7822361800353974
2 5 -5159140.8092208802700043
3 5 -1137559.0410436401143670
4 5 -20677664.4321364015340805
5 5 1135253.1402684301137924
6 5 -366642.1842683259746991
7 5 979653.4797869659960270
8 5 4716917.4779602298513055
9 5 -569130.6369224790250883
10 5 -309255.2802492380142212
11 5 -1130511.3321083299815655
12 5 18826823.3575392998754978
13 5 -66741.4797405126009835
14 5 1189516.0387290799990296
17 5 -263785.9782731240266003
18 5 -4498801.6518715601414442
71 5 133098.2572059730009641
72 5 -5149522.8513832697644830
75 5 -566122.5006281960522756
76 5 181386.9925805029924959
77 5 150857.8508169270062353
78 5 4727818.7824676297605038
83 5 330527.4581955500179902
84 5 -3410266.8283579498529434
1 6 14931323.9807845000177622
2 6 -39339541.6448519006371498
3 6 -19815947.0693425983190536
4 6 -158074137.4219200015068054
5 6 -366642.1842683259746991
6 6 153303754.8181720077991486
7 6 -14694880.6562309991568327
8 6 -37068855.5586308985948563
9 6 588938.3706645070342347
10 6 267835180.7268190085887909
11 6 19693178.1382662989199162
12 6 -147563887.1455709934234619
13 6 -1107915.8895102799870074
14 6 -35791324.0295638963580132
17 6 4595074.9162754397839308
18 6 18086610.1921421997249126
71 6 4884623.0885570002719760
72 6 -38986568.5839698016643524
75 6 -222296.1863978430046700
76 6 -19412867.5166606009006500
77 6 -4998297.4820339698344469
78 6 -37430042.9832744970917702
83 6 -3487159.0267647397704422
84 6 44499627.3012171015143394
5 7 979653.4797869659960270
6 7 -14694880.6562309991568327
7 7 3709785.1209999201819301
8 7 -145698.8933840389945544
9 7 -1130511.3321996899321675
10 7 -19434012.9009639993309975
11 7 -4239417.5074687302112579
12 7 -735970.1547826039604843
13 7 874738.7712181470124051
14 7 13074436.2445055991411209
17 7 -989197.4229733609827235
18 7 17584498.0875813998281956
75 7 150857.8509039870114066
76 7 5009198.7856148798018694
77 7 529632.3893892910564318
78 7 -107426.5505013350048102
83 7 114458.6503434409969486
84 7 -4256045.8129120497033000
5 8 4716917.4779602298513055
6 8 -37068855.5586308985948563
7 8 -145698.8933840389945544
8 8 72009052.8062997013330460
9 8 0.0001353604364272
10 8 -148275422.2394610047340393
11 8 0.0005049684640460
12 8 288036211.2251759767532349
13 8 -4542499.8399709798395634
14 8 -34779814.1104480996727943
17 8 0.0001178302672378
18 8 -139119256.4804340004920959
75 8 -4716917.4780950797721744
76 8 -37409709.8630755022168159
77 8 145698.8928784129966516
78 8 72019581.3262466937303543
83 8 4542499.8398533202707767
84 8 -34451563.5933096036314964
1 9 -1137559.0410336400382221
2 9 -0.0000002511552667
3 9 2275118.0756817599758506
4 9 82202.3905051779001951
5 9 -569130.6369224790250883
6 9 588938.3706645070342347
7 9 -1130511.3321996899321675
8 9 0.0001353604364272
9 9 1138261.2847447399981320
10 9 41126.5674215710969293
11 9 2261022.6583078498952091
12 9 81693.1102368654974271
13 9 -263785.9783108480041847
14 9 -4623667.4713459601625800
17 9 527571.9572992960456759
18 9 19061.7258090321993222
71 9 -1137559.0410536800045520
72 9 -82202.3905067495070398
75 9 -569130.6369517820421606
76 9 -630064.9380962849827483
77 9 -1130511.3321254700422287
78 9 -81693.1103507811058080
83 9 -263785.9782606610096991
84 9 4604605.7455268204212189
1 10 20052300.5892021991312504
2 10 -157358166.5749450027942657
3 10 82202.3905052160989726
4 10 -629429696.2441710233688354
5 10 -309255.2802492380142212
6 10 267835180.7268190085887909
7 10 -19434012.9009639993309975
8 10 -148275422.2394610047340393
9 10 41126.5674215710969293
10 10 1071257093.0466200113296509
11 10 81693.1070981589000439
12 10 -593098737.3200529813766479
13 10 4748955.4132094401866198
14 10 17753527.4025205001235008
17 10 19061.7250615406010184
18 10 71683030.0735922008752823
71 10 -20134502.9797082990407944
72 10 -158813127.7838430106639862
75 10 268128.7128266100189649
76 10 267811998.3538759946823120
77 10 19352319.7938686981797218
78 10 -146876983.2176400125026703
83 10 -4768017.1382713299244642
84 10 17743096.3922532014548779
5 11 -1130511.3321083299815655
6 11 19693178.1382662989199162
7 11 -4239417.5074687302112579
8 11 0.0005049684640460
9 11 2261022.6583078498952091
10 11 81693.1070981589000439
11 11 8478835.0264118891209364
12 11 306349.1644723559729755
13 11 -989197.4230601859744638
14 11 -17338753.0795015990734100
17 11 1978394.8402514399494976
18 11 71481.4720408227003645
75 11 -1130511.3322360699530691
76 11 -19774871.2453934997320175
77 11 -4239417.5072600804269314
78 11 -306349.1649126840056852
83 11 -989197.4228377010440454
84 11 17267271.6074252985417843
5 12 18826823.3575392998754978
6 12 -147563887.1455709934234619
7 12 -735970.1547826039604843
8 12 288036211.2251759767532349
9 12 81693.1102368654974271
10 12 -593098737.3200529813766479
11 12 306349.1644723559729755
12 12 1152155913.6540100574493408
13 12 -18205740.0961657986044884
14 12 -139745723.6951209902763367
17 12 71481.4719800794991897
18 12 -556474443.2398109436035156
75 12 -18908516.4677740000188351
76 12 -150353326.2047449946403503
77 12 429620.9903076309710741
78 12 288067256.6015430092811584
83 12 18134258.6241866014897823
84 12 -137182369.8258639872074127
5 13 -66741.4797405126009835
6 13 -1107915.8895102799870074
7 13 874738.7712181470124051
8 13 -4542499.8399709798395634
9 13 -263785.9783108480041847
10 13 4748955.4132094401866198
11 13 -989197.4230601859744638
12 13 -18205740.0961657986044884
13 13 987549.7047660540556535
14 13 -370385.0634517970029265
15 13 850535.8883238510461524
16 13 4099007.2354903500527143
17 13 -495495.9401839880156331
18 13 -312072.7363231179770082
19 13 -983109.0600194110302255
20 13 16360508.1891176998615265
21 13 -57628.3634453279009904
22 13 1033165.5163576300255954
25 13 -226871.3213408619922120
26 13 -3877964.8496753899380565
75 13 330527.4582344589871354
76 13 3511043.6313315802253783
77 13 114458.6504259829962393
78 13 -4534228.8198472000658512
83 13 -492053.7621893230243586
84 13 187743.2554023640113883
85 13 132573.1703771520114969
86 13 4108587.2515148799866438
91 13 284499.6849448030116037
92 13 -2947490.8506276900880039
5 14 1189516.0387290799990296
6 14 -35791324.0295638963580132
7 14 13074436.2445055991411209
8 14 -34779814.1104480996727943
9 14 -4623667.4713459601625800
10 14 17753527.4025205001235008
11 14 -17338753.0795015990734100
12 14 -139745723.6951209902763367
13 14 -370385.0634517970029265
14 14 135078557.3564789891242981
15 14 -12847289.1868123002350330
16 14 -32479384.4908754006028175
17 14 593685.1506570579949766
18 14 235868931.2959640026092529
19 14 17232035.6651437990367413
20 14 -129294926.5488959997892380
21 14 -952880.0406490040477365
22 14 -31163936.3286052010953426
25 14 3976623.6147583601996303
26 14 15755338.6725421994924545
75 14 3434151.4326177202165127
76 14 44999775.6439104005694389
77 14 4264316.8349956003949046
78 14 -34471665.6742454022169113
83 14 -223300.0872067660093307
84 14 -17170953.0870310999453068
85 14 -4384746.4783312398940325
86 14 -32796235.4379420988261700
91 14 -3023743.5741086602210999
92 14 38751263.8497643023729324
13 15 850535.8883238510461524
14 15 -12847289.1868123002350330
15 15 3195455.1423244802281260
16 15 -148433.6897271829948295
17 15 -983109.0598856429569423
18 15 -16960606.1760447993874550
19 15 -3651547.9335209000855684
20 15 -725668.9991282039554790
21 15 746607.1904434110037982
22 15 11217497.7484386004507542
25 15 -842664.9083957900293171
26 15 15116233.8759250994771719
83 15 132573.1702395369939040
84 15 4394326.4926701197400689
85 15 456092.7937432699836791
86 15 -115475.4725583340041339
91 15 96057.7167277369007934
92 15 -3637216.2953947600908577
13 16 4099007.2354903500527143
14 16 -32479384.4908754006028175
15 16 -148433.6897271829948295
16 16 62824968.2870113998651505
17 16 -0.0002356624098977
18 16 -129917537.9838709980249405
19 16 -0.0008760826238127
20 16 251299873.2036620080471039
21 16 -3925837.3584263799712062
22 16 -30159390.2936896011233330
25 16 -0.0002021704133418
26 16 -120637561.1350069940090179
83 16 -4099007.2352545401081443
84 16 -32775587.3196061998605728
85 16 148433.6906031290127430
86 16 62835694.4441874027252197
91 16 3925837.3586286199279130
92 16 -29875701.0729828998446465
5 17 -263785.9782731240266003
6 17 4595074.9162754397839308
7 17 -989197.4229733609827235
8 17 0.0001178302672378
9 17 527571.9572992960456759
10 17 19061.7250615406010184
11 17 1978394.8402514399494976
12 17 71481.4719800794991897
13 17 -495495.9401839880156331
14 17 593685.1506570579949766
15 17 -983109.0598856429569423
16 17 -0.0002356624098977
17 17 990991.8897592090070248
18 17 35805.5719169631993282
19 17 1966218.1142752598971128
20 17 71041.5129385129985167
21 17 -226871.3212702570017427
22 17 -4001214.9083115900866687
25 17 453742.6432032189914025
26 17 16394.1961943189016893
75 17 -263785.9782940190052614
76 17 -4614136.6413437398150563
77 17 -989197.4229421879863366
78 17 -71481.4720828012068523
83 17 -495495.9400044030044228
84 17 -629490.7225666940212250
85 17 -983109.0596631059888750
86 17 -71041.5127377723983955
91 17 -226871.3212982949917205
92 17 3984820.7121368502266705
5 18 -4498801.6518715601414442
6 18 18086610.1921421997249126
7 18 17584498.0875813998281956
8 18 -139119256.4804340004920959
9 18 19061.7258090321993222
10 18 71683030.0735922008752823
11 18 71481.4720408227003645
12 18 -556474443.2398109436035156
13 18 -312072.7363231179770082
14 18 235868931.2959640026092529
15 18 -16960606.1760447993874550
16 18 -129917537.9838709980249405
17 18 35805.5719169631993282
18 18 943391217.2975690364837646
19 18 71041.5149261191982077
20 18 -519667585.2635750174522400
21 18 4133529.9694149200804532
22 18 15467091.0368341002613306
25 18 16394.1957510959982756
26 18 62447228.7548158019781113
75 18 4479739.9260623501613736
76 18 18078275.8466610983014107
77 18 -17655979.5596219003200531
78 18 -140395114.4791930019855499
83 18 276267.1644053459749557
84 18 235845994.0903680026531219
85 18 16889564.6611193008720875
86 18 -128697062.8555900007486343
91 18 -4149924.1651659798808396
92 18 15456344.9890374001115561
13 19 -983109.0600194110302255
14 19 17232035.6651437990367413
15 19 -3651547.9335209000855684
16 19 -0.0008760826238127
17 19 1966218.1142752598971128
18 19 71041.5149261191982077
19 19 7303095.8764634700492024
20 19 263868.4766100610140711
21 19 -842664.9082699869759381
22 19 -14861655.3728477992117405
25 19 1685329.8117168201133609
26 19 60892.7287182719010161
83 19 -983109.0595460239565000
84 19 -17303077.1800071001052856
85 19 -3651547.9327547401189804
86 19 -263868.4758682699757628
91 19 -842664.9083445030264556
92 19 14800762.6442025005817413
13 20 16360508.1891176998615265
14 20 -129294926.5488959997892380
15 20 -725668.9991282039554790
16 20 251299873.2036620080471039
17 20 71041.5129385129985167
18 20 -519667585.2635750174522400
19 20 263868.4766100610140711
20 20 1005209026.9142299890518188
21 20 -15733795.8007242009043694
22 20 -121174528.3297359943389893
25 20 60892.7253673537998111
26 20 -482548044.5449389815330505
83 20 -16431549.7020558007061481
84 20 -131727527.5604400038719177
85 20 461800.5225175920058973
86 20 251333243.9991230070590973
91 20 15672903.0753572005778551
92 20 -118968037.3130059987306595
13 21 -57628.3634453279009904
14 21 -952880.0406490040477365
15 21 746607.1904434110037982
16 21 -3925837.3584263799712062
17 21 -226871.3212702570017427
18 21 4133529.9694149200804532
19 21 -842664.9082699869759381
20 21 -15733795.8007242009043694
21 21 841724.2881560999667272
22 21 -374307.4945154190063477
23 21 722992.1660700780339539
24 21 3481129.1675362298265100
25 21 -422873.8612758680246770
26 21 -314934.4745351669844240
27 21 -837513.3450806479668245
28 21 13894256.4346916005015373
29 21 -48654.1968504377000500
30 21 876329.8512924090027809
33 21 -190343.9426385920087341
34 21 -3256821.8170537501573563
83 21 284499.6848752549849451
84 21 3044302.1155904200859368
85 21 96057.7165983067970956
86 21 -3918896.0293229701928794
91 21 -418850.4248166640172713
92 21 194212.6884564310021233
93 21 114521.1778805250069126
94 21 3489404.7046997100114822
99 21 238998.1396240940084681
100 21 -2484031.5923854000866413
13 22 1033165.5163576300255954
14 22 -31163936.3286052010953426
15 22 11217497.7484386004507542
16 22 -30159390.2936896011233330
17 22 -4001214.9083115900866687
18 22 15467091.0368341002613306
19 22 -14861655.3728477992117405
20 22 -121174528.3297359943389893
21 22 -374307.4945154190063477
22 22 116635301.1191840022802353
23 22 -10999499.8214891999959946
24 22 -27829224.3072566017508507
25 22 598787.1893943699542433
26 22 203496430.5385519862174988
27 22 14770799.9335514008998871
28 22 -110783212.7749180048704147
29 22 -797333.4281992280157283
30 22 -26467334.8854985982179642
33 22 3356999.9978184700012207
34 22 13391130.4761408008635044
83 22 2968049.3919546902179718
84 22 39184243.3332652971148491
85 22 3644157.6244090101681650
86 22 -29896055.8717540986835957
91 22 -224479.6948803630075417
92 22 -14914124.6036981996148825
93 22 -3771300.1120612900704145
94 22 -28101746.3066181987524033
99 22 -2559666.5696192397736013
100 22 32917287.3113427013158798
21 23 722992.1660700780339539
22 23 -10999499.8214891999959946
23 23 2687448.9914227398112416
24 23 -151183.7693215809995309
25 23 -837513.3450877630384639
26 23 -14486659.6490410007536411
27 23 -3070882.2737492499873042
28 23 -715689.2585729210404679
29 23 620033.0737397479824722
30 23 9360446.0097503699362278
33 23 -697927.7927803320344537
34 23 12647266.1282433997839689
91 23 114521.1778843780048192
92 23 3779575.6501747798174620
93 23 383433.2844946829718538
94 23 -123476.0797268330061343
99 23 77894.7180056757933926
100 23 -3018575.6795344399288297
21 24 3481129.1675362298265100
22 24 -27829224.3072566017508507
23 24 -151183.7693215809995309
24 24 53528246.2631023004651070
25 24 0.0000018725377694
26 24 -111316897.1918440014123917
27 24 0.0000058924265175
28 24 214112984.9808410108089447
29 24 -3309142.9650523201562464
30 24 -25477548.1512718014419079
33 24 0.0000012020742237
34 24 -101910192.5711369961500168
91 24 -3481129.1675380500964820
92 24 -28080777.9493744000792503
93 24 151183.7693155670131091
94 24 53539171.0822527036070824
99 24 3309142.9650512300431728
100 24 -25238422.5574798993766308
13 25 -226871.3213408619922120
14 25 3976623.6147583601996303
15 25 -842664.9083957900293171
16 25 -0.0002021704133418
17 25 453742.6432032189914025
18 25 16394.1957510959982756
19 25 1685329.8117168201133609
20 25 60892.7253673537998111
21 25 -422873.8612758680246770
22 25 598787.1893943699542433
23 25 -837513.3450877630384639
24 25 0.0000018725377694
25 25 845747.7308966700220481
26 25 30557.7481637937999039
27 25 1675026.6858974599745125
28 25 60520.4624215678995824
29 25 -190343.9426370729925111
30 25 -3377631.9493485400453210
33 25 380687.8858756180270575
34 25 13754.6510985533004714
83 25 -226871.3212239230051637
84 25 -3993017.8104948699474335
85 25 -842664.9082340640015900
86 25 -60892.7251961583024240
91 25 -422873.8613665589946322
92 25 -629344.9375424979953095
93 25 -837513.3453295680228621
94 25 -60520.4624219671968604
99 25 -190343.9426983020093758
100 25 3363877.2982495701871812
13 26 -3877964.8496753899380565
14 26 15755338.6725421994924545
15 26 15116233.8759250994771719
16 26 -120637561.1350069940090179
17 26 16394.1961943189016893
18 26 62447228.7548158019781113
19 26 60892.7287182719010161
20 26 -482548044.5449389815330505
21 26 -314934.4745351669844240
22 26 203496430.5385519862174988
23 26 -14486659.6490410007536411
24 26 -111316897.1918440014123917
25 26 30557.7481637937999039
26 26 813900286.8053779602050781
27 26 60520.4602155012980802
28 26 -445265401.9658340215682983
29 26 3517788.9556886302307248
30 26 13147801.1953924000263214
33 26 13754.6501022111006023
34 26 53079851.1871960014104843
83 26 3861570.6534811002202332
84 26 15747024.6900766994804144
85 26 -15177126.6046431995928288
86 26 -121734292.0407129973173141
91 26 284376.7263709899852984
92 26 203473710.4801749885082245
93 26 14426139.1888257004320621
94 26 -110274434.1932609975337982
99 26 -3531543.6057908101938665
100 26 13136679.2010391000658274
21 27 -837513.3450806479668245
22 27 14770799.9335514008998871
23 27 -3070882.2737492499873042
24 27 0.0000058924265175
25 27 1675026.6858974599745125
26 27 60520.4602155012980802
27 27 6141764.5571096800267696
28 27 221908.3630001420096960
29 27 -697927.7927870230050758
30 27 -12384650.5251246001571417
33 27 1395855.5816342199686915
34 27 50433.7208756038016872
91 27 -837513.3453509729588404
92 27 -14831320.3937663007527590
93 27 -3070882.2746866899542511
94 27 -221908.3630064699973445
99 27 -697927.7929867689963430
100 27 12334216.8042488992214203
21 28 13894256.4346916005015373
22 28 -110783212.7749180048704147
23 28 -715689.2585729210404679
24 28 214112984.9808410108089447
25 28 60520.4624215678995824
26 28 -445265401.9658340215682983
27 28 221908.3630001420096960
28 28 856459957.4462740421295166
29 28 -13261788.7156907003372908
30 28 -102357662.9196610003709793
33 28 50433.7190572285981034
34 28 -407638947.9387840032577515
91 28 -13954776.8971129991114140
92 28 -112858982.8489470034837723
93 28 493780.8955723029794171
94 28 214148666.4854579865932465
99 28 13211354.9966340009123087
100 28 -100508042.0747320055961609
21 29 -48654.1968504377000500
22 29 -797333.4281992280157283
23 29 620033.0737397479824722
24 29 -3309142.9650523201562464
25 29 -190343.9426370729925111
26 29 3517788.9556886302307248
27 29 -697927.7927870230050758
28 29 -13261788.7156907003372908
29 29 697780.9794498760020360
30 29 -378606.6356766219832934
31 29 596986.5288052150281146
32 29 2863306.9184920000843704
33 29 -351312.0007161549874581
34 29 -317908.7929608820122667
35 29 -693691.3730338889872655
36 29 11428163.8799804002046585
37 29 -39834.4704319816009956
38 29 718682.6377800180343911
41 29 -154153.6383077790087555
42 29 -2635135.6844284702092409
91 29 238998.1396234359999653
92 29 2576937.0727596599608660
93 29 77894.7180091804038966
94 29 -3303514.1280920798890293
99 29 -346468.9770035219844431
100 29 200962.3018850089865737
101 29 96704.8432894722063793
102 29 2870295.0117600997909904
107 29 193988.1088509229884949
108 29 -2019447.6285931500606239
21 30 876329.8512924090027809
22 30 -26467334.8854985982179642
23 30 9360446.0097503699362278
24 30 -25477548.1512718014419079
25 30 -3377631.9493485400453210
26 30 13147801.1953924000263214
27 30 -12384650.5251246001571417
28 30 -102357662.9196610003709793
29 30 -378606.6356766219832934
30 30 97986232.5363135039806366
31 30 -9151422.2714289408177137
32 30 -23117669.8015758991241455
33 30 604605.5094405709533021
34 30 170723790.1863520145416260
35 30 12309475.7561932001262903
36 30 -92025924.9887409061193466
37 30 -640939.7602592520415783
38 30 -21695033.2618766017258167
41 30 2735439.0566585501655936
42 30 10991826.5307973008602858
91 30 2501302.0980567601509392
92 30 33283003.4708163999021053
93 30 3024204.5153736500069499
94 30 -25259012.8037105016410351
99 30 -225998.8737643139902502
100 30 -12651591.0946188997477293
101 30 -3158053.4847639901563525
102 30 -23345877.3369360007345676
107 30 -2094499.2963991200085729
108 30 26990176.5053813010454178
29 31 596986.5288052150281146
30 31 -9151422.2714289408177137
31 31 2185665.3013104498386383
32 31 -153997.1862412060145289
33 31 -693691.3730904089752585
34 31 -12011801.3641637992113829
35 31 -2497288.9408570202067494
36 31 -706218.4019086810294539
37 31 494980.8639296760084108
38 31 7503161.4407586799934506
41 31 -554953.0984042959753424
42 31 10177127.3145604003220797
99 31 96704.8433431978046428
100 31 3165041.5793007002212107
101 31 311623.6413314939709380
102 31 -131478.6108658350131009
107 31 59972.2336316888977308
108 31 -2400238.5477340398356318
29 32 2863306.9184920000843704
30 32 -23117669.8015758991241455
31 32 -153997.1862412060145289
32 32 44123147.0872946009039879
33 32 0.0000842030405065
34 32 -92470679.1752520054578781
35 32 0.0003027522536237
36 32 176492588.3381249904632568
37 32 -2692393.1395533401519060
38 32 -20732860.1351255998015404
41 32 0.0000673666180321
42 32 -82931440.5330695956945419
99 32 -2863306.9185761199332774
100 32 -23324578.3319485001266003
101 32 153997.1859382569964509
102 32 44134275.2328575029969215
107 32 2692393.1394860600121319
108 32 -20538302.1849257014691830
21 33 -190343.9426385920087341
22 33 3356999.9978184700012207
23 33 -697927.7927803320344537
24 33 0.0000012020742237
25 33 380687.8858756180270575
26 33 13754.6501022111006023
27 33 1395855.5816342199686915
28 33 50433.7190572285981034
29 33 -351312.0007161549874581
30 33 604605.5094405709533021
31 33 -693691.3730904089752585
32 33 0.0000842030405065
33 33 702624.0084400289924815
34 33 25386.5392271343989705
35 33 1387382.7424501199275255
36 33 50127.5875449107988970
37 33 -154153.6383306210045703
38 33 -2752148.2522894898429513
41 33 308307.2770911569823511
42 33 11139.4633909999993193
91 33 -190343.9426935290102847
92 33 -3370754.6479201000183821
93 33 -697927.7930060629732907
94 33 -50433.7190593518025707
99 33 -351312.0008031559991650
100 33 -629992.0486594439717010
101 33 -693691.3731164369964972
102 33 -50127.5876471114024753
107 33 -154153.6383158169919625
108 33 2741008.7889089002273977
21 34 -3256821.8170537501573563
22 34 13391130.4761408008635044
23 34 12647266.1282433997839689
24 34 -101910192.5711369961500168
25 34 13754.6510985533004714
26 34 53079851.1871960014104843
27 34 50433.7208756038016872
28 34 -407638947.9387840032577515
29 34 -317908.7929608820122667
30 34 170723790.1863520145416260
31 34 -12011801.3641637992113829
32 34 -92470679.1752520054578781
33 34 25386.5392271343989705
34 34 682808697.6675189733505249
35 34 50127.5876117061998229
36 34 -369880905.5279369950294495
37 34 2901549.3395490897819400
38 34 10793554.2711219005286694
41 34 11139.4639125027006230
42 34 43572371.5225756019353867
91 34 3243067.1659552799537778
92 34 13382897.4352141991257668
93 34 -12697699.8491184990853071
94 34 -102827754.8022959977388382
99 34 292522.2537330989725888
100 34 170701238.3359990119934082
101 34 11961673.7765523996204138
102 34 -91606303.6169161945581436
107 34 -2912688.8034617197699845
108 34 10781953.2740864008665085
29 35 -693691.3730338889872655
30 35 12309475.7561932001262903
31 35 -2497288.9408570202067494
32 35 0.0003027522536237
33 35 1387382.7424501199275255
34 35 50127.5876117061998229
35 35 4994577.8889887602999806
36 35 180459.3151457250060048
37 35 -554953.0984558910131454
38 35 -9907733.7074493207037449
41 35 1109906.1934670500922948
42 35 40102.0682045865978580
99 35 -693691.3731845510192215
100 35 -12359603.3437744006514549
101 35 -2497288.9409919800236821
102 35 -180459.3155155360000208
107 35 -554953.0983825880102813
108 35 9867631.6392824593931437
29 36 11428163.8799804002046585
30 36 -92025924.9887409061193466
31 36 -706218.4019086810294539
32 36 176492588.3381249904632568
33 36 50127.5875449107988970
34 36 -369880905.5279369950294495
35 36 180459.3151457250060048
36 36 705976873.5151629447937012
37 36 -10789623.5927310008555651
38 36 -83289417.2992191016674042
41 36 40102.0700287310974090
42 36 -331724313.1928409934043884
99 36 -11478291.4675248004496098
100 36 -93744878.6997008025646210
101 36 525759.0867621710058302
102 36 176530580.7441030144691467
107 36 10749521.5227026995271444
108 36 -81796680.9036664962768555
29 37 -39834.4704319816009956
30 37 -640939.7602592520415783
31 37 494980.8639296760084108
32 37 -2692393.1395533401519060
33 37 -154153.6383306210045703
34 37 2901549.3395490897819400
35 37 -554953.0984558910131454
36 37 -10789623.5927310008555651
37 37 555764.2206265330314636
38 37 -383760.6462688299943693
39 37 472475.8864724540035240
40 37 2245603.0284793102182448
41 37 -280926.1349292569793761
42 37 -321160.5737301110057160
43 37 -551611.2852683400269598
44 37 8962481.8225119095295668
45 37 -31204.6887050994992023
46 37 559528.8283248429652303
49 37 -118202.4177367509983014
50 37 -2012382.1518038499634713
99 37 193988.1088744619919453
100 37 2108517.2821652600541711
101 37 59972.2336807754036272
102 37 -2688059.4200060199946165
107 37 -274838.0843046830268577
108 37 208395.0630281420017127
109 37 79135.3980498877062928
110 37 2251321.5175374001264572
115 37 149407.1065288340032566
116 37 -1552788.0464645000174642
29 38 718682.6377800180343911
30 38 -21695033.2618766017258167
31 38 7503161.4407586799934506
32 38 -20732860.1351255998015404
33 38 -2752148.2522894898429513
34 38 10793554.2711219005286694
35 38 -9907733.7074493207037449
36 38 -83289417.2992191016674042
37 38 -383760.6462688299943693
38 38 79156461.2964172065258026
39 38 -7302864.9304904602468014
40 38 -18343360.8746776990592480
41 38 612016.0830427859909832
42 38 137563362.4964439868927002
43 38 9848071.3631347995251417
44 38 -73017622.4005136042833328
45 38 -482976.7102634370094165
46 38 -16833145.5480416007339954
49 38 2110300.9986082301475108
50 38 8552744.1338558793067932
99 38 2033465.6145096700638533
100 38 27288471.8663530014455318
101 38 2404572.2666906700469553
102 38 -20559100.7139237001538277
107 38 -228255.4367746489879210
108 38 -10402330.6529840994626284
109 38 -2545206.4326439201831818
110 38 -18527282.8035156987607479
115 38 -1627324.2883447399362922
116 38 20953800.0760659985244274
37 39 472475.8864724540035240
38 39 -7302864.9304904602468014
39 39 1690021.5609667298849672
40 39 -156999.5117288359906524
41 39 -551611.2852727470453829
42 39 -9535247.2870324905961752
43 39 -1930639.4904707800596952
44 39 -697754.0666032839799300
45 39 371407.5759565050248057
46 39 5645380.3152303695678711
49 39 -413708.4610947999753989
50 39 7704780.1822186401113868
107 39 79135.3980521410994697
108 39 2550924.9216546099632978
109 39 240617.9309006670082454
110 39 -139611.9577906380000059
115 39 42300.8844898285024101
116 39 -1782459.6146565899252892
37 40 2245603.0284793102182448
38 40 -18343360.8746776990592480
39 40 -156999.5117288359906524
40 40 34618913.9206342995166779
41 40 0.0000001652913906
42 40 -73373443.4966291934251785
43 40 -0.0000000428864675
44 40 138475655.6785210072994232
45 40 -2075525.7209892999380827
46 40 -15922060.9262812007218599
49 40 -0.0000000216209598
50 40 -63688243.7033184021711349
107 40 -2245603.0284793497994542
108 40 -18505632.8355952985584736
109 40 156999.5117287340108305
110 40 34630259.0320821031928062
115 40 2075525.7209893800318241
116 40 -15772079.1045350003987551
29 41 -154153.6383077790087555
30 41 2735439.0566585501655936
31 41 -554953.0984042959753424
32 41 0.0000673666180321
33 41 308307.2770911569823511
34 41 11139.4639125027006230
35 41 1109906.1934670500922948
36 41 40102.0700287310974090
37 41 -280926.1349292569793761
38 41 612016.0830427859909832
39 41 -551611.2852727470453829
40 41 0.0000001652913906
41 41 561852.2754148510284722
42 41 20300.3086562333992333
43 41 1103222.5675526598934084
44 41 39860.5828112317030900
45 41 -118202.4177356779982802
46 41 -2123113.3441858999431133
49 41 236404.8358213989995420
50 41 8541.5534615388605744
99 41 -154153.6383359910105355
100 41 -2746578.5205644401721656
101 41 -554953.0984445329522714
102 41 -40102.0701104688996566
107 41 -280926.1349152870243415
108 41 -632316.3916918040486053
109 41 -551611.2852637430187315
110 41 -39860.5828104999018251
115 41 -118202.4177377760061063
116 41 2114571.7907242798246443
29 42 -2635135.6844284702092409
30 42 10991826.5307973008602858
31 42 10177127.3145604003220797
32 42 -82931440.5330695956945419
33 42 11139.4633909999993193
34 42 43572371.5225756019353867
35 42 40102.0682045865978580
36 42 -331724313.1928409934043884
37 42 -321160.5737301110057160
38 42 137563362.4964439868927002
39 42 -9535247.2870324905961752
40 42 -73373443.4966291934251785
41 42 20300.3086562333992333
42 42 550165732.3285870552062988
43 42 39860.5826789964994532
44 42 -293492333.7832360267639160
45 42 2284424.3794624102301896
46 42 8399786.4554740209132433
49 42 8541.5533997258808085
50 42 33906295.6397538036108017
99 42 2623996.2210374199785292
100 42 10983773.4408404007554054
101 42 -10217229.3827644996345043
102 42 -83669758.8516439944505692
107 42 300860.2650731800240465
108 42 137540877.7272230088710785
109 42 9495386.7043541092425585
110 42 -72687287.0349325984716415
115 42 -2292965.9328622799366713
116 42 8387512.5522789396345615
37 43 -551611.2852683400269598
38 43 9848071.3631347995251417
39 43 -1930639.4904707800596952
40 43 -0.0000000428864675
41 43 1103222.5675526598934084
42 43 39860.5826789964994532
43 43 3861278.9865285297855735
44 43 139512.0393758529971819
45 43 -413708.4610987229971215
46 43 -7430896.6800975799560547
49 43 827416.9195958259515464
50 43 29895.4370169339017593
107 43 -551611.2852773850318044
108 43 -9887931.9458131808787584
109 43 -1930639.4904708599206060
110 43 -139512.0393763910105918
115 43 -413708.4610908760223538
116 43 7401001.2430807100608945
37 44 8962481.8225119095295668
38 44 -73017622.4005136042833328
39 44 -697754.0666032839799300
40 44 138475655.6785210072994232
41 44 39860.5828112317030900
42 44 -293492333.7832360267639160
43 44 139512.0393758529971819
44 44 553907663.4320030212402344
45 44 -8317050.6024066200479865
46 44 -63956729.7554953023791313
49 44 29895.4368988778005587
50 44 -254751894.6609619855880737
107 44 -9002342.4053225498646498
108 44 -74379792.6438570022583008
109 44 558242.0272268539993092
110 44 138515995.4144099950790405
115 44 8287155.1655079396441579
116 44 -62820910.5200728997588158
37 45 -31204.6887050994992023
38 45 -482976.7102634370094165
39 45 371407.5759565050248057
40 45 -2075525.7209892999380827
41 45 -118202.4177356779982802
42 45 2284424.3794624102301896
43 45 -413708.4610987229971215
44 45 -8317050.6024066200479865
45 45 415831.8502238750224933
46 45 -391204.6154842820251361
47 45 349393.1544277149951085
48 45 1628231.0666691400110722
49 45 -212024.5870869130012579
50 45 -325185.9239121080026962
51 45 -411242.5828081700019538
52 45 6498065.6429586997255683
53 45 -22859.9398472987013520
54 45 397081.6091002100147307
57 45 -82248.5164773505966878
58 45 -1387117.7710233600810170
107 45 149407.1065282989875413
108 45 1638120.7576917998958379
109 45 42300.8844917981987237
110 45 -2072468.9708192800171673
115 45 -203807.2620862119947560
116 45 217714.4501863569894340
117 45 61849.4278301170998020
118 45 1632700.4358757999725640
123 45 105108.4563871379941702
124 45 -1081559.2754893200471997
37 46 559528.8283248429652303
38 46 -16833145.5480416007339954
39 46 5645380.3152303695678711
40 46 -15922060.9262812007218599
41 46 -2123113.3441858999431133
42 46 8399786.4554740209132433
43 46 -7430896.6800975799560547
44 46 -63956729.7554953023791313
45 46 -391204.6154842820251361
46 46 60207370.8975758999586105
47 46 -5453338.1116678398102522
48 46 -13503376.7240001000463963
49 46 623646.6039234850322828
50 46 104044531.3742000013589859
51 46 7386605.3355565099045634
52 46 -53746621.1328722983598709
53 46 -321560.6540290020057000
54 46 -11845639.6242146007716656
57 46 1477321.0668455199338496
58 46 6061401.3122009597718716
107 46 1563584.5158613000530750
108 46 21184381.8065688982605934
109 46 1785516.3648669400718063
110 46 -15793035.7864704001694918
115 46 -232441.9884394439868629
116 46 -8213168.4535198500379920
117 46 -1933267.2238885199185461
118 46 -13643078.6543128006160259
123 46 -1155760.4128164700232446
124 46 14766134.0414949990808964
45 47 349393.1544277149951085
46 47 -5453338.1116678398102522
47 47 1200487.7959187799133360
48 47 -160617.4607997589919250
49 47 -411242.5828374719712883
50 47 -7055000.3986111599951982
51 47 -1370808.6081575199496001
52 47 -691998.5894583050394431
53 47 249245.7895317540096585
54 47 3786378.0849311598576605
57 47 -274161.7218409070046619
58 47 5227364.9853522498160601
115 47 61849.4278577931981999
116 47 1937736.5927541900891811
117 47 170320.8132423099887092
118 47 -148309.7230909779900685
123 47 24915.9318575307988795
124 47 -1165942.2406612799968570
45 48 1628231.0666691400110722
46 48 -13503376.7240001000463963
47 48 -160617.4607997589919250
48 48 25040186.9485425986349583
49 48 0.0000485204200280
50 48 -54013506.8977110013365746
51 48 0.0001617044454660
52 48 100160747.7936719954013824
53 48 -1458328.4081061999313533
54 48 -11035735.4280942995101213
57 48 0.0000323518583376
58 48 -44142941.7240445986390114
115 48 -1628231.0667176200076938
116 48 -13621036.0995950996875763
117 48 160617.4606380049954168
118 48 25051793.5063863992691040
123 48 1458328.4080738599877805
124 48 -10930353.5739498008042574
37 49 -118202.4177367509983014
38 49 2110300.9986082301475108
39 49 -413708.4610947999753989
40 49 -0.0000000216209598
41 49 236404.8358213989995420
42 49 8541.5533997258808085
43 49 827416.9195958259515464
44 49 29895.4368988778005587
45 49 -212024.5870869130012579
46 49 623646.6039234850322828
47 49 -411242.5828374719712883
48 49 0.0000485204200280
49 49 424049.1783870549988933
50 49 15321.3390829047002626
51 49 822485.1634490529540926
52 49 29717.2479433377993701
53 49 -82248.5164884301048005
54 49 -1486236.2411294400226325
57 49 164497.0332114709890448
58 49 5943.4496323658995607
107 49 -118202.4177346289943671
108 49 -2118842.5520078102126718
109 49 -413708.4611026640050113
110 49 -29895.4368990555994969
115 49 -212024.5870971579861362
116 49 -638967.9430143239442259
117 49 -411242.5828129069996066
118 49 -29717.2479726173005474
123 49 -82248.5164730716060149
124 49 1480292.7914851300884038
37 50 -2012382.1518038499634713
38 50 8552744.1338558793067932
39 50 7704780.1822186401113868
40 50 -63688243.7033184021711349
41 50 8541.5534615388605744
42 50 33906295.6397538036108017
43 50 29895.4370169339017593
44 50 -254751894.6609619855880737
45 50 -325185.9239121080026962
46 50 104044531.3742000013589859
47 50 -7055000.3986111599951982
48 50 -54013506.8977110013365746
49 50 15321.3390829047002626
50 50 416088547.0747259855270386
51 50 29717.2467679319997842
52 50 -216052953.8817330002784729
53 50 1665427.7932885999325663
54 50 5954324.8919113604351878
57 50 5943.4493524934796369
58 50 24032311.3812996000051498
107 50 2003840.5983422100543976
108 50 8545051.0824008006602526
109 50 -7734675.6192355500534177
110 50 -64247167.5087158977985382
115 50 309864.5848289430141449
116 50 104021856.8292430043220520
117 50 7025283.1518435198813677
118 50 -53505845.2749800980091095
123 50 -1671371.2426411400083452
124 50 5940946.6491005998104811
45 51 -411242.5828081700019538
46 51 7386605.3355565099045634
47 51 -1370808.6081575199496001
48 51 0.0001617044454660
49 51 822485.1634490529540926
50 51 29717.2467679319997842
51 51 2741617.2202697400934994
52 51 99057.4931324556964682
53 51 -274161.7218657530029304
54 51 -4954120.8031705301254988
57 51 548323.4418634290341288
58 51 19811.4987721883007907
115 51 -411242.5828489069826901
116 51 -7416322.5823509404435754
117 51 -1370808.6080977900419384
118 51 -99057.4932302060042275
123 51 -274161.7218040970037691
124 51 4934309.3043585699051619
45 52 6498065.6429586997255683
46 52 -53746621.1328722983598709
47 52 -691998.5894583050394431
48 52 100160747.7936719954013824
49 52 29717.2479433377993701
50 52 -216052953.8817330002784729
51 52 99057.4931324556964682
52 52 400646570.2366409897804260
53 52 -5843219.3818123899400234
54 52 -44321939.2692381963133812
57 52 19811.4986229708993051
58 52 -176571051.0909950137138367
115 52 -6527782.8909018002450466
116 52 -54752103.8784006014466286
117 52 592941.0963256550021470
118 52 100203594.9784999936819077
123 52 5823407.8831895599141717
124 52 -43543132.5504620000720024
45 53 -22859.9398472987013520
46 53 -321560.6540290020057000
47 53 249245.7895317540096585
48 53 -1458328.4081061999313533
49 53 -82248.5164884301048005
50 53 1665427.7932885999325663
51 53 -274161.7218657530029304
52 53 -5843219.3818123899400234
53 53 278598.0840742529835552
54 53 -407178.0495322790229693
55 53 227555.9567800899967551
56 53 1012371.1013129899511114
57 53 -145685.0060812899901066
58 53 -332196.8046976629993878
59 53 -272557.9862538740271702
60 53 4039636.6016452498733997
61 53 -15148.9518380818008154
62 53 224968.1962824710062705
66 53 -45426.3310089232036262
67 53 -753330.0535314270528033
115 53 105108.4563985999993747
116 53 1163355.7694003400392830
117 53 24915.9318810277982266
118 53 -1456527.9311608299612999
123 53 -132913.0772882780001964
124 53 234106.9462831860000733
125 53 45002.0291214988028514
126 53 1015623.0423843000316992
131 53 60575.2828847026030417
132 53 -596435.2761450560064986
45 54 397081.6091002100147307
46 54 -11845639.6242146007716656
47 54 3786378.0849311598576605
48 54 -11035735.4280942995101213
49 54 -1486236.2411294400226325
50 54 5954324.8919113604351878
51 54 -4954120.8031705301254988
52 54 -44321939.2692381963133812
53 54 -407178.0495322790229693
54 54 41344146.5802783966064453
55 54 -3601080.1215205900371075
56 54 -8591392.5471863206475973
57 54 650889.5721578670199960
58 54 70259828.9964074939489365
59 54 4925141.1981369303539395
60 54 -34187619.7021543979644775
61 54 -149764.4722211739863269
62 54 -6601180.9634506097063422
66 54 820856.8664546980289742
67 54 3468762.9832357801496983
115 54 1089154.6320293000899255
116 54 14928356.2890779003500938
117 54 1167742.7182393500115722
118 54 -10951351.9021438006311655
123 54 -243711.5226257049944252
124 54 -6243601.8502552798017859
125 54 -1324061.0766162599902600
126 54 -8687071.9682782292366028
131 54 -671092.3942335250321776
132 54 8272238.7075599404051900
53 55 227555.9567800899967551
54 55 -3601080.1215205900371075
55 55 717270.3086232770001516
56 55 -167204.9815979539998807
57 55 -272557.9862251820159145
58 55 -4563885.8949409704655409
59 55 -817673.9580591360572726
60 55 -698363.3405207659816369
61 55 128311.0018515529955039
62 55 1923141.1365644999314100
66 55 -136278.9931663759925868
67 55 2732956.0289261201396585
123 55 45002.0290917634993093
124 55 1327313.0173471800517291
125 55 100403.6500415350019466
126 55 -159949.6043591040070169
131 55 7967.9910624738504339
132 55 -553625.3868580049602315
53 56 1012371.1013129899511114
54 56 -8591392.5471863206475973
55 56 -167204.9815979539998807
56 56 15483822.1664304994046688
57 56 -0.0000637322080157
58 56 -34365570.1938927024602890
59 56 -0.0001912269594447
60 56 61935288.6799094974994659
61 56 -839628.1293263880070299
62 56 -6031695.6693207602947950
66 56 -0.0000318661474820
67 56 -24126782.6699668988585472
123 56 -1012371.1012492299778387
124 56 -8664548.5987148899585009
125 56 167204.9817891530110501
126 56 15495904.7547682002186775
131 56 839628.1293582620564848
132 56 -5971022.3846447197720408
45 57 -82248.5164773505966878
46 57 1477321.0668455199338496
47 57 -274161.7218409070046619
48 57 0.0000323518583376
49 57 164497.0332114709890448
50 57 5943.4493524934796369
51 57 548323.4418634290341288
52 57 19811.4986229708993051
53 57 -145685.0060812899901066
54 57 650889.5721578670199960
55 57 -272557.9862251820159145
56 57 -0.0000637322080157
