3251 3251 65875
1 1 946965.1784674749942496
3 1 473482.5635703579755500
4 1 110953.8574628890055465
6 1 55476.9250935949021368
25 1 -0.0000000000000075
26 1 0.0000000000000036
27 1 4.4388991742828496
136 1 -236741.2884712519880850
143 1 -27738.4634366696991492
2 2 11363581.9446440003812313
5 2 1331446.2913691999856383
25 2 0.0000000000000071
26 2 17.7555966971313985
27 2 -0.0000000000000284
135 2 1420447.7206598999910057
142 2 166430.7827704410010483
1 3 473482.5635703579755500
3 3 3787860.6872147498652339
4 3 55476.9255380394970416
6 3 443815.4263039419893175
25 3 -0.0000000000000107
27 3 17.7555966971312991
136 3 473482.5634812099742703
143 3 55476.9246372846027953
1 4 110953.8574628890055465
3 4 55476.9255380394970416
4 4 414623.9066610650043003
6 4 207311.9406023960036691
7 4 95888.7524664192023920
9 4 47944.3730598351030494
10 4 -45174.6544775548027246
12 4 -22587.3256123696992290
25 4 -0.8820742833333380
26 4 -0.0000000000000284
27 4 -5.2009621018029897
28 4 0.8820742833333450
29 4 0.0000000000000222
30 4 7.1401115873694598
136 4 -27738.4636588918983762
143 4 -103655.9736121339956298
145 4 -23972.1872972042983747
154 4 11293.6632126806998713
2 5 1331446.2913691999856383
5 5 4975486.7643723199144006
8 5 1150665.0360046001151204
11 5 -542095.8472292199730873
26 5 4.1607696799932201
27 5 -0.0000000000000284
28 5 -0.0000000000000187
29 5 3.5958282620007398
30 5 -0.0000000000001421
135 5 166430.7841037730104290
142 5 621935.8343887929804623
144 5 143833.1262439939891919
153 5 -67761.9793442115042126
1 6 55476.9250935949021368
3 6 443815.4263039419893175
4 6 207311.9406023960036691
6 6 1658495.6133504998870194
7 6 47944.3735042796033667
9 6 383555.0067777759977616
10 6 -22587.3257234808988869
12 6 -180698.6162389609962702
25 6 -3.5282971333333402
26 6 -9.3366604958160906
27 6 -20.8038484072116994
28 6 3.5282971333333402
29 6 9.3366604958161492
30 6 28.5604463492059004
136 6 55476.9259706179000204
143 6 207311.9405346109997481
145 6 47944.3725978868969833
154 6 -22587.3254831123995245
4 7 95888.7524664192023920
6 7 47944.3735042796033667
7 7 722794.4831633160356432
9 7 361397.2165043710265309
10 7 84809.8610944235988427
12 7 42404.9269927333007217
28 7 -0.0000000000000084
29 7 -0.0000000000000107
30 7 3.3880990413759702
143 7 -23972.1875194263011508
145 7 -180698.6147256850090344
154 7 -21202.4643550627988589
5 8 1150665.0360046001151204
8 8 8673533.6007773894816637
11 8 1017718.3355148100527003
28 8 0.0000000000000071
29 8 13.5523961606124992
30 8 -0.0000000000001421
142 8 143833.1275773269881029
144 8 1084191.6777454200200737
153 8 127214.7882914969959529
4 9 47944.3730598351030494
6 9 383555.0067777759977616
7 9 361397.2165043710265309
9 9 2891177.9057449698448181
10 9 42404.9274371775973123
12 9 339239.4407805710216053
28 9 -0.0000000000000142
29 9 -0.0000000000000568
30 9 13.5523961606126004
143 9 47944.3739312199977576
145 9 361397.2161417489987798
154 9 42404.9264932076985133
4 10 -45174.6544775548027246
6 10 -22587.3257234808988869
7 10 84809.8610944235988427
9 10 42404.9274371775973123
10 10 316909.8893639019806869
12 10 158454.9322542459995020
13 10 73294.5382511056959629
15 10 36647.2660209641035181
16 10 -34578.6211899609988905
18 10 -17289.3090045054013899
28 10 -0.7801602975000180
29 10 -0.0000000004681304
30 10 -9.4955200227119008
31 10 0.7801602975000110
32 10 0.0000000004681238
33 10 10.9777487862724996
143 10 11293.6632682361996558
145 10 -21202.4645772850999492
154 10 -79227.4693432002968621
156 10 -18323.6337573378004890
165 10 8644.6549035062798794
5 11 -542095.8472292199730873
8 11 1017718.3355148100527003
11 11 3802918.5568974302150309
14 11 879534.4662912080530077
17 11 -414943.4482468779897317
28 11 -0.0000000000000213
29 11 3.1803698190664100
30 11 -0.0000000000002274
31 11 -0.0000000000000413
32 11 2.7485452328408302
33 11 -0.0000000000004192
142 11 -67761.9796775449067354
144 11 127214.7896248299948638
153 11 475364.8085941339959390
155 11 109941.8050713349948637
164 11 -51867.9295332972033066
4 12 -22587.3256123696992290
6 12 -180698.6162389609962702
7 12 42404.9269927333007217
9 12 339239.4407805710216053
10 12 158454.9322542459995020
12 12 1267639.5442351400852203
13 12 36647.2664654085019720
15 12 293178.1499518339987844
16 12 -17289.3091156166010478
18 12 -138314.4831852049974259
28 12 -3.1206411886666499
29 12 -7.3038010719262996
30 12 -37.9820800748898009
31 12 3.1206411886666499
32 12 7.3038010719262703
33 12 43.9109951267971965
143 12 -22587.3258164455983206
145 12 42404.9278265410030144
154 12 158454.9321111890021712
156 12 36647.2655477044027066
165 12 -17289.3088943264010595
10 13 73294.5382511056959629
12 13 36647.2664654085019720
13 13 553257.9508053100435063
15 13 276628.9508722089813091
16 13 65019.9420512583965319
18 13 32509.9675460953985748
31 13 -0.0000000000000107
32 13 -0.0000000000000018
33 13 2.5933965465136199
154 13 -18323.6339795599014906
156 13 -138314.4818760390044190
165 13 -16254.9846312063000369
11 14 879534.4662912080530077
14 14 6639095.2194351898506284
17 14 780239.3088664109818637
31 14 -0.0000000000000675
32 14 10.3735861898126007
33 14 -0.0000000000009095
153 14 109941.8064046689978568
155 14 829886.8813613799866289
164 14 97529.9101664479967440
10 15 36647.2660209641035181
12 15 293178.1499518339987844
13 15 276628.9508722089813091
15 15 2213031.7784484601579607
16 15 32509.9679905400989810
18 15 260079.7649590719956905
31 15 0.0000000000000089
32 15 0.0000000000000071
33 15 10.3735861898127002
154 15 36647.2668810379982460
156 15 276628.9510125570232049
165 15 32509.9671341944012966
10 16 -34578.6211899609988905
12 16 -17289.3091156166010478
13 16 65019.9420512583965319
15 16 32509.9679905400989810
16 16 242946.8324118260061368
18 16 121473.4040725880040554
19 16 56191.6566574401003891
21 16 28095.8252932698014774
22 16 -26550.7980920713998785
24 16 -13275.3974978848000319
31 16 -0.6920839988333430
32 16 0.0000000004152350
33 16 -12.1766622645849996
34 16 0.6920839988333430
35 16 -0.0000000004152243
36 16 13.3130210242462006
154 16 8644.6549590618797083
156 16 -16254.9848534285993082
165 16 -60736.7052209894027328
167 16 -14047.9133842718001688
176 16 6637.6991386905101535
11 17 -414943.4482468779897317
14 17 780239.3088664109818637
17 17 2915361.8761522900313139
20 17 674299.8886364960344508
23 17 -318609.5713841110118665
31 17 -0.0000000000000178
32 17 2.4382478620652699
33 17 -0.0000000000004547
34 17 0.0000000000000142
35 17 2.1071871790360199
36 17 0.0000000000004121
153 17 -51867.9298666304021026
155 17 97529.9114997797005344
164 17 364420.2240935359732248
166 17 84287.4829899863980245
175 17 -39826.1949588846982806
10 18 -17289.3090045054013899
12 18 -138314.4831852049974259
13 18 32509.9675460953985748
15 18 260079.7649590719956905
16 18 121473.4040725880040554
18 18 971787.3173848279984668
19 18 28095.8257377139998425
21 18 224766.6237755519978236
22 18 -13275.3976089959996898
24 18 -106203.1908307130070170
31 18 -2.7683359966666798
32 18 -5.7477631422766500
33 18 -48.7066490813284005
34 18 2.7683359966666501
35 18 5.7477631422766304
36 18 53.2520841224296007
154 18 -17289.3092276595998555
156 18 32509.9684675274984329
165 18 121473.4041390409984160
167 18 28095.8248607114983315
176 18 -13275.3973856497996167
16 19 56191.6566574401003891
18 19 28095.8257377139998425
19 19 424812.7817905020201579
21 19 212406.3670609130058438
22 19 50011.5311282784969080
24 19 25005.7621847636000894
34 19 -0.0000000000000089
35 19 -0.0000000000000036
36 19 1.9913098178909900
165 19 -14047.9136064939993958
167 19 -106203.1897423649934353
176 19 -12502.8819137372993282
17 20 674299.8886364960344508
20 20 5097753.1919443299993873
23 20 600138.3785697000566870
34 20 0.0000000000000124
35 20 7.9652392719701801
36 20 0.0000000000003411
164 20 84287.4843233204010176
166 20 637219.1281877759611234
175 20 75017.2938876030966640
16 21 28095.8252932698014774
18 21 224766.6237755519978236
19 21 212406.3670609130058438
21 21 1699251.1024404999334365
22 21 25005.7626292085005844
24 21 200046.1212170340004377
34 21 0.0000000000000338
35 21 0.0000000000000568
36 21 7.9652392719705700
165 21 28095.8261940449992835
167 21 212406.3669889539887663
176 21 25005.7617239374994824
16 22 -26550.7980920713998785
18 22 -13275.3976089959996898
19 22 50011.5311282784969080
21 22 25005.7626292085005844
22 22 186856.2774279130098876
24 22 93428.1269478098984109
34 22 -0.6159665340000020
35 22 -0.0000000000000187
36 22 -13.7242476653858994
37 22 43221.0591221466020215
39 22 21610.5266107308016217
40 22 0.6159665339999980
41 22 0.0000000000000115
42 22 14.5983032236250008
43 22 -20456.5784437483998772
45 22 -10228.2877206772991485
165 22 6637.6991942460599603
167 22 -12502.8821359595003742
176 22 -46714.0665343844011659
178 22 -10805.2640140874991630
187 22 5114.1442359539196332
17 23 -318609.5713841110118665
20 23 600138.3785697000566870
23 23 2242275.2159758401103318
34 23 0.0000000000000107
35 23 1.8754324563403200
36 23 0.0000000000003411
38 23 518652.7191856320132501
40 23 0.0000000000000187
41 23 1.6207897760622900
42 23 0.0000000000003837
44 23 -245478.9358929540030658
164 23 -39826.1952922178970766
166 23 75017.2952209361974383
175 23 280284.3916809239890426
177 23 64831.5868330863013398
186 23 -30684.8655494488994009
16 24 -13275.3974978848000319
18 24 -106203.1908307130070170
19 24 25005.7621847636000894
21 24 200046.1212170340004377
22 24 93428.1269478098984109
24 24 747425.0974195230519399
34 24 -2.4638661360000098
35 24 -4.5529772520956699
36 24 -54.8969906617463010
37 24 21610.5270551752000756
39 24 172884.2336257339920849
40 24 2.4638661360000098
41 24 4.5529772520956699
42 24 58.3932128941486965
43 24 -10228.2878317884005810
45 24 -81826.3122588424012065
165 24 -13275.3977189832003205
167 24 25005.7630572706984822
176 24 93428.1268841550045181
178 24 21610.5261474496001028
187 24 -10228.2875998635990982
1 25 -0.0000000000000075
2 25 0.0000000000000071
3 25 -0.0000000000000107
4 25 -0.8820742833333380
6 25 -3.5282971333333402
135 25 -4.7170286673333202
136 25 -0.4717028666666820
142 25 -1.1792571665000000
143 25 -1.0000000000000100
1 26 0.0000000000000036
2 26 17.7555966971313985
4 26 -0.0000000000000284
5 26 4.1607696799932201
6 26 -9.3366604958160906
135 26 -22.1944958714139986
136 26 -2.6633395041839099
142 26 -5.2009620999916404
143 26 -5.2924457000000302
1 27 4.4388991742828496
2 27 -0.0000000000000284
3 27 17.7555966971312991
4 27 -5.2009621018029897
5 27 -0.0000000000000284
6 27 -20.8038484072116994
135 27 -16.6877695872765983
136 27 2.7701222156965501
142 27 -8.3438847915157304
143 27 -6.0353505810252601
4 28 0.8820742833333450
5 28 -0.0000000000000187
6 28 3.5282971333333402
7 28 -0.0000000000000084
8 28 0.0000000000000071
9 28 -0.0000000000000142
10 28 -0.7801602975000180
11 28 -0.0000000000000213
12 28 -3.1206411886666499
142 28 -1.0191398645000000
143 28 0.7801602968333620
144 28 -4.0765594460000303
145 28 -0.4076559446666790
153 28 -1.0191398585000300
154 28 -0.8820742826666820
4 29 0.0000000000000222
5 29 3.5958282620007398
6 29 9.3366604958161492
7 29 -0.0000000000000107
8 29 13.5523961606124992
9 29 -0.0000000000000568
10 29 -0.0000000004681304
11 29 3.1803698190664100
12 29 -7.3038010719262996
142 29 -4.4947853275687599
143 29 4.1289560083475898
144 29 -16.9404952019885009
145 29 -2.0328594244325000
153 29 -3.9754622742409098
154 29 -4.1289560073368197
4 30 7.1401115873694598
5 30 -0.0000000000001421
6 30 28.5604463492059004
7 30 3.3880990413759702
8 30 -0.0000000000001421
9 30 13.5523961606126004
10 30 -9.4955200227119008
11 30 -0.0000000000002274
12 30 -37.9820800748898009
142 30 -7.2109679408065999
143 30 6.4190147927585599
144 30 -41.3076243512227990
145 30 -0.7426633967862700
153 30 -13.4428442237985006
154 30 -10.8398044369342994
10 31 0.7801602975000110
11 31 -0.0000000000000413
12 31 3.1206411886666499
13 31 -0.0000000000000107
14 31 -0.0000000000000675
15 31 0.0000000000000089
16 31 -0.6920839988333430
17 31 -0.0000000000000178
18 31 -2.7683359966666798
153 31 -0.8807629799999360
154 31 0.6920839988333470
155 31 -3.5230519199999999
156 31 -0.3523051919999890
164 31 -0.8807629800001030
165 31 -0.7801602975000000
10 32 0.0000000004681238
11 32 2.7485452328408302
12 32 7.3038010719262703
13 32 -0.0000000000000018
14 32 10.3735861898126007
15 32 0.0000000000000071
16 32 0.0000000004152350
17 32 2.4382478620652699
18 32 -5.7477631422766500
153 32 -3.4356815412269399
154 32 3.2396187496327999
155 32 -12.9669827363261003
156 32 -1.5560379284718000
164 32 -3.0478098271710499
165 32 -3.2396187516939099
10 33 10.9777487862724996
11 33 -0.0000000000004192
12 33 43.9109951267971965
13 33 2.5933965465136199
14 33 -0.0000000000009095
15 33 10.3735861898127002
16 33 -12.1766622645849996
17 33 -0.0000000000004547
18 33 -48.7066490813284005
153 33 -11.6176003073871996
154 33 9.8159887463877507
155 33 -55.7793223528138000
156 33 -2.9845356868887101
164 33 -16.2720608690208017
165 33 -13.8038683629812997
16 34 0.6920839988333430
17 34 0.0000000000000142
18 34 2.7683359966666501
19 34 -0.0000000000000089
20 34 0.0000000000000124
21 34 0.0000000000000338
22 34 -0.6159665340000020
23 34 0.0000000000000107
24 34 -2.4638661360000098
164 34 -0.7611746483332490
165 34 0.6159665346666759
166 34 -3.0446986066667101
167 34 -0.3044698606666540
175 34 -0.7611746550000580
176 34 -0.6920839995000140
16 35 -0.0000000004152243
17 35 2.1071871790360199
18 35 5.7477631422766304
19 35 -0.0000000000000036
20 35 7.9652392719701801
21 35 0.0000000000000568
22 35 -0.0000000000000187
23 35 1.8754324563403200
24 35 -4.5529772520956699
164 35 -2.6339839735914601
165 35 2.5578034955287698
166 35 -9.9565490898614808
167 35 -1.1947858907955200
175 35 -2.3442905704764199
176 35 -2.5578034944989598
16 36 13.3130210242462006
17 36 0.0000000000004121
18 36 53.2520841224296007
19 36 1.9913098178909900
20 36 0.0000000000003411
21 36 7.9652392719705700
22 36 -13.7242476653858994
23 36 0.0000000000003411
24 36 -54.8969906617463010
164 36 -14.0626712144627000
165 36 11.9067539155225006
166 36 -63.2033273204474000
167 36 -4.3290229139504399
175 36 -17.5389924548946006
176 36 -15.4781469109768999
22 37 43221.0591221466020215
24 37 21610.5270551752000756
37 37 327305.2677538860007189
39 37 163652.6107951909943949
40 37 -0.0000000000000053
41 37 0.0000000000000018
42 37 1.5342433472712400
43 37 38605.2499255411967169
45 37 19302.6216861028005951
176 37 -10805.2642363098002534
178 37 -81826.3113744612928713
187 37 -9651.3116367904003710
23 38 518652.7191856320132501
38 38 3927663.0246604499407113
40 38 -0.0000000000000551
41 38 6.1369733862788696
42 38 -0.0000000000014211
44 38 463263.0054769680136815
175 38 64831.5881664201006060
177 38 490957.8576463499921374
186 38 57907.8723343902020133
22 39 21610.5266107308016217
24 39 172884.2336257339920849
37 39 163652.6107951909943949
39 39 1309221.0465147199574858
40 39 -0.0000000000000053
41 39 -0.0000000000000213
42 39 6.1369733862790099
43 39 19302.6221305473009124
45 39 154420.9965004149999004
176 39 21610.5274807831010548
178 39 163652.6105465340078808
187 39 19302.6212216852982237
22 40 0.6159665339999980
23 40 0.0000000000000187
24 40 2.4638661360000098
37 40 -0.0000000000000053
38 40 -0.0000000000000551
39 40 -0.0000000000000053
43 40 -0.5501841543333300
44 40 -0.0000000000000426
45 40 -2.2007366173333200
175 40 -0.6578237966666660
176 40 0.5501841543333480
177 40 -2.6312951866666201
178 40 -0.2631295186666700
186 40 -0.6578237966666300
187 40 -0.6159665340000090
22 41 0.0000000000000115
23 41 1.6207897760622900
24 41 4.5529772520956699
37 41 0.0000000000000018
38 41 6.1369733862788696
39 41 -0.0000000000000213
43 41 -0.0000000000000151
44 41 1.4476969170771701
45 41 -3.6324312441537798
175 41 -2.0259872201651898
176 41 2.0333701596385900
177 41 -7.6712167335503798
178 41 -0.9205460079418660
186 41 -1.8096211464344900
187 41 -2.0333701596385501
22 42 14.5983032236250008
23 42 0.0000000000003837
24 42 58.3932128941486965
37 42 1.5342433472712400
38 42 -0.0000000000014211
39 42 6.1369733862790099
43 42 -14.4869688098737992
44 42 -0.0000000000010232
45 42 -57.9478752398456010
175 42 -15.1575811590709009
176 42 13.0825451075426002
177 42 -65.8231104058131962
178 42 -5.0480676947134997
186 42 -17.7539740438356013
187 42 -16.2623662144331007
22 43 -20456.5784437483998772
24 43 -10228.2878317884005810
37 43 38605.2499255411967169
39 43 19302.6221305473009124
40 43 -0.5501841543333300
41 43 -0.0000000000000151
42 43 -14.4869688098737992
43 43 144229.6107076590124052
45 43 72114.7939701644063462
46 43 33363.5017408562998753
48 43 16681.7480077543004882
49 43 0.5501841543333370
50 43 0.0000000000000111
51 43 15.1616758844226993
52 43 -15819.8887274953995075
54 43 -7909.9429125136202856
176 43 5114.1442915094403361
178 43 -9651.3118590125795890
187 43 -36057.3999439385006553
189 43 -8340.8746909141791548
198 43 3954.9718183343197779
23 44 -245478.9358929540030658
38 44 463263.0054769680136815
40 44 -0.0000000000000426
41 44 1.4476969170771701
42 44 -0.0000000000010232
44 44 1730755.2160463500767946
47 44 400362.0320729020168073
49 44 -0.0000000000000222
50 44 1.2511313806155999
51 44 -0.0000000000006821
53 44 -189838.6596813309879508
175 44 -30684.8658827820981969
177 44 57907.8736677229971974
186 44 216344.3920092610060237
188 44 50045.2510291318976670
197 44 -23729.8310627887985902
22 45 -10228.2877206772991485
24 45 -81826.3122588424012065
37 45 19302.6216861028005951
39 45 154420.9965004149999004
40 45 -2.2007366173333200
41 45 -3.6324312441537798
42 45 -57.9478752398456010
43 45 72114.7939701644063462
45 45 576918.4309073650510982
46 45 16681.7484521986989421
48 45 133454.0042082660074811
49 45 2.2007366173333200
50 45 3.6324312441537798
51 45 60.6467035375389969
52 45 -7909.9430236247098946
54 45 -63279.5534382295008982
176 45 -10228.2879331968997576
178 45 19302.6225550183989981
187 45 72114.7938987496017944
189 45 16681.7475500926011591
198 45 -7909.9427894766604368
43 46 33363.5017408562998753
45 46 16681.7484521986989421
46 46 253118.2326421960024163
48 46 126559.0940284569951473
49 46 0.0000000000000031
50 46 0.0000000000000018
51 46 1.1864916214838701
52 46 29916.0482743399006722
54 46 14958.0209726851007872
187 46 -8340.8749131363601919
189 46 -63279.5527887218995602
198 46 -7479.0112476156500634
44 47 400362.0320729020168073
47 47 3037418.6063382299616933
49 47 0.0000000000000426
50 47 4.7459664832063000
51 47 0.0000000000012506
53 47 358992.5870732929906808
186 47 50045.2523624660025234
188 47 379677.3060692549915984
197 47 44874.0701079641003162
43 48 16681.7480077543004882
45 48 133454.0042082660074811
46 48 126559.0940284569951473
48 48 1012472.9069338400149718
49 48 -0.0000000000000036
50 48 0.0000000000000107
51 48 4.7459664832064696
52 48 14958.0214171297993744
54 48 119664.1899655140005052
187 48 16681.7488834260002477
189 48 126559.0937973289983347
198 48 14958.0204937546004658
43 49 0.5501841543333370
44 49 -0.0000000000000222
45 49 2.2007366173333200
46 49 0.0000000000000031
47 49 0.0000000000000426
48 49 -0.0000000000000036
52 49 -0.4933335818333400
53 49 0.0000000000000178
54 49 -1.9733343260000000
186 49 -0.5685057316666901
187 49 0.4933335811666880
188 49 -2.2740229133334799
189 49 -0.2274022913333230
197 49 -0.5685057249999660
198 49 -0.5501841536666769
43 50 0.0000000000000111
44 50 1.2511313806155999
45 50 3.6324312441537798
46 50 0.0000000000000018
47 50 4.7459664832063000
48 50 0.0000000000000107
52 50 -0.0000000002960112
53 50 1.1218518614424200
54 50 -2.9205362720220598
186 50 -1.5639142258071199
187 50 1.6285459149846599
188 50 -5.9324581046903404
189 50 -0.7118949724808989
197 50 -1.4023148270304899
198 50 -1.6285459143394601
43 51 15.1616758844226993
44 51 -0.0000000000006821
45 51 60.6467035375389969
46 51 1.1864916214838701
47 51 0.0000000000012506
48 51 4.7459664832064696
52 51 -14.7168705764084997
53 51 0.0000000000006821
54 51 -58.8674822660092971
186 51 -15.3433731907710005
187 51 13.6273385652703993
188 51 -65.2518775519105958
189 51 -5.3386961350710198
197 51 -17.2825655783598009
198 51 -16.4451271144328004
43 52 -15819.8887274953995075
45 52 -7909.9430236247098946
46 52 29916.0482743399006722
48 52 14958.0214171297993744
49 52 -0.4933335818333400
50 52 -0.0000000002960112
51 52 -14.7168705764084997
52 52 111758.4776307709980756
54 52 55879.2278473154001404
55 52 25854.1032789905984828
57 52 12927.0488729692006018
58 52 0.4933335818333390
59 52 0.0000000002960046
60 52 15.2397157783784003
61 52 -12283.3449343422998936
63 52 -6141.6710690733198135
187 52 3954.9718738898700394
189 52 -7479.0114698378602043
198 52 -27939.6167671568982769
200 52 -6463.5250970711604168
209 52 3070.8358831689802173
44 53 -189838.6596813309879508
47 53 358992.5870732929906808
49 53 0.0000000000000178
50 53 1.1218518614424200
51 53 0.0000000000006821
53 53 1341101.6195750299375504
56 53 310249.2520691360114142
58 53 -0.0000000000001612
59 53 0.9695289451342650
60 53 -0.0000000000048885
62 53 -147400.1346243339939974
186 53 -23729.8313961220992496
188 53 44874.0714412973975413
197 53 167637.6927610150014516
199 53 38781.1536022949003382
208 53 -18425.0154800370983139
43 54 -7909.9429125136202856
45 54 -63279.5534382295008982
46 54 14958.0209726851007872
48 54 119664.1899655140005052
49 54 -1.9733343260000000
50 54 -2.9205362720220598
51 54 -58.8674822660092971
52 54 55879.2278473154001404
54 54 447033.8989295120118186
55 54 12927.0493174136008747
57 54 103416.4104404870013241
58 54 1.9733343260000100
59 54 2.9205362720220900
60 54 60.9588630725866025
61 54 -6141.6711801844103320
63 54 -49133.3783265344973188
187 54 -7909.9431228099902000
189 54 14958.0218270879995544
198 54 55879.2277447570013464
200 54 12927.0484091947000707
209 54 -6141.6709480538802381
52 55 25854.1032789905984828
54 55 12927.0493174136008747
55 55 196533.5324486200115643
57 55 98266.7447644062049221
58 55 -0.0000000000000040
59 55 0.0000000000000027
60 55 0.9212508404227290
61 55 23279.2713698016996204
63 55 11639.6326368131994968
198 55 -6463.5253192933996615
200 55 -49133.3779701075982302
209 55 -5819.8170523492999564
53 56 310249.2520691360114142
56 56 2358402.2082262001931667
58 56 -0.0000000000000426
59 56 3.6850033611673800
60 56 -0.0000000000014211
62 56 279351.2660739009734243
197 56 38781.1549356285977410
199 56 294800.2572575010126457
208 56 34918.9051068983972073
52 57 12927.0488729692006018
54 57 103416.4104404870013241
55 57 98266.7447644062049221
57 57 786134.1074615080142394
58 57 -0.0000000000000071
59 57 -0.0000000000000142
60 57 3.6850033611672202
61 57 11639.6330812577998586
63 57 93117.0825113439932466
198 57 12927.0497425281992037
200 57 98266.7446758798032533
209 57 11639.6321720653995726
52 58 0.4933335818333390
53 58 -0.0000000000001612
54 58 1.9733343260000100
55 58 -0.0000000000000040
56 58 -0.0000000000000426
57 58 -0.0000000000000071
61 58 -0.4442020721666720
62 58 -0.0000000000000178
63 58 -1.7768082873333400
197 58 -0.4913150966666180
198 58 0.4442020715000080
199 58 -1.9652603866665801
200 58 -0.1965260386666610
208 58 -0.4913150966667670
209 58 -0.4933335811666650
52 59 0.0000000002960046
53 59 0.9695289451342650
54 59 2.9205362720220900
55 59 0.0000000000000027
56 59 3.6850033611673800
57 59 -0.0000000000000142
61 59 -0.0000000002665290
62 59 0.8729727354492171
63 59 -2.3677857678076699
197 59 -1.2119111815161501
198 59 1.3148387933529200
199 59 -4.6062542015899597
200 59 -0.5527505041751010
208 59 -1.0912159194100799
209 59 -1.3148387934216601
52 60 15.2397157783784003
53 60 -0.0000000000048885
54 60 60.9588630725866025
55 60 0.9212508404227290
56 60 -0.0000000000014211
57 60 3.6850033611672202
61 60 -14.5949522998940999
62 60 -0.0000000000007390
63 60 -58.3798091555047023
197 60 -14.9359716229834003
198 60 13.7461185956167995
199 60 -62.6405727824874035
200 60 -5.3428064380881297
208 60 -16.3843147682636001
209 60 -16.2333837546844002
52 61 -12283.3449343422998936
54 61 -6141.6711801844103320
55 61 23279.2713698016996204
57 61 11639.6330812577998586
58 61 -0.4442020721666720
59 61 -0.0000000002665290
60 61 -14.5949522998940999
61 61 86958.4088222858990775
63 61 43479.1938804431993049
64 61 20118.4552156956997351
66 61 10059.2249432284006616
67 61 0.4442020721666720
68 61 0.0000000002665269
69 61 15.0018060216237004
70 61 -9578.4566740428599587
72 61 -4789.2269957024000178
198 61 3070.8359387245400285
200 61 -5819.8172745715401106
209 61 -21739.5996752831015328
211 61 -5029.6131059611197998
220 61 2394.6138318457701644
53 62 -147400.1346243339939974
56 62 279351.2660739009734243
58 62 -0.0000000000000178
59 62 0.8729727354492171
60 62 -0.0000000000007390
62 62 1043500.7947523000184447
65 62 241421.4771213339990936
67 62 -0.0000000000000777
68 62 0.7544421507361569
69 62 -0.0000000000026290
71 62 -114941.4759925160033163
197 62 -18425.0158133705008368
199 62 34918.9064402317017084
208 62 130437.5900810599996476
210 62 30177.6818251389995567
219 62 -14367.6832018086006428
52 63 -6141.6710690733198135
54 63 -49133.3783265344973188
55 63 11639.6326368131994968
57 63 93117.0825113439932466
58 63 -1.7768082873333400
59 63 -2.3677857678076699
60 63 -58.3798091555047023
61 63 43479.1938804431993049
63 63 347833.6242291540256701
64 63 10059.2253876727991155
66 63 80473.8182976311072707
67 63 1.7768082873333499
68 63 2.3677857678076899
69 63 60.0072240416904990
70 63 -4789.2271068134896268
72 63 -38313.8253465418019914
198 63 -6141.6712813872100014
200 63 11639.6335053986003913
209 63 43479.1938047571966308
211 63 10059.2244812346998515
220 63 -4789.2268755925497317
61 64 20118.4552156956997351
63 64 10059.2253876727991155
64 64 153255.3208911220135633
66 64 76627.6398917204060126
67 64 -0.0000000000000040
68 64 -0.0000000000000004
69 64 0.7183842249189640
70 64 18195.3661676605006505
72 64 9097.6801609511003335
209 64 -5029.6133281833599540
211 64 -38313.8252981199984788
220 64 -4548.8407821069404235
62 65 241421.4771213339990936
65 65 1839063.6725141000933945
67 65 -0.0000000000001288
68 65 2.8735368992236499
69 65 -0.0000000000044338
71 65 218344.4055974750081077
208 65 30177.6831584725005087
210 65 229882.9410880980140064
219 65 27293.0476590217003832
61 66 10059.2249432284006616
63 66 80473.8182976311072707
64 66 76627.6398917204060126
66 66 613021.2621785369701684
67 66 0.0000000000000018
68 66 -0.0000000000000071
69 66 2.8735368992241801
70 66 9097.6806053956406686
72 66 72781.4618372758995974
209 66 10059.2258145682008035
211 66 76627.6398082348023308
220 66 9097.6796980610197352
61 67 0.4442020721666720
62 67 -0.0000000000000777
63 67 1.7768082873333499
64 67 -0.0000000000000040
65 67 -0.0000000000001288
66 67 0.0000000000000018
70 67 -0.4017415458333370
71 67 -0.0000000000000426
72 67 -1.6069661820000101
208 67 -0.4246052633332870
209 67 0.4017415451666740
210 67 -1.6984210533334501
211 67 -0.1698421053333380
219 67 -0.4246052633332730
220 67 -0.4442020715000050
61 68 0.0000000002665269
62 68 0.7544421507361569
63 68 2.3677857678076899
64 68 -0.0000000000000004
65 68 2.8735368992236499
66 68 -0.0000000000000071
70 68 -0.0000000002410512
71 68 0.6823262988756940
72 68 -1.9367552328901401
208 68 -0.9430526885048850
209 68 1.0707265604939000
210 68 -3.5919211241431999
211 68 -0.4310305348835750
219 68 -0.8529078736795910
220 68 -1.0707265605533201
61 69 15.0018060216237004
62 69 -0.0000000000026290
63 69 60.0072240416904990
64 69 0.7183842249189640
65 69 -0.0000000000044338
66 69 2.8735368992241801
70 69 -14.2501350043177002
71 69 -0.0000000000014779
72 69 -57.0005399697498021
208 69 -14.1596835389581006
209 69 13.5858376453257996
210 69 -58.8022097116473006
211 69 -5.1618367464716401
219 69 -15.2414213168600003
220 69 -15.7742771122434995
61 70 -9578.4566740428599587
63 70 -4789.2271068134896268
64 70 18195.3661676605006505
66 70 9097.6806053956406686
67 70 -0.4017415458333370
68 70 -0.0000000002410512
69 70 -14.2501350043177002
70 70 67962.1123973540961742
72 70 33981.0461353704013163
73 70 15724.8329296053998405
75 70 7862.4139090512499024
76 70 0.4017415458333370
77 70 0.0000000002410515
78 70 14.5681369102077003
79 70 -7503.3389355796398377
81 70 -3751.6681859702198381
209 70 2394.6138874013299755
211 70 -4548.8410043291496550
220 70 -16990.5256812797015300
222 70 -3931.2075596422400849
231 70 1875.8344124631100840
62 71 -114941.4759925160033163
65 71 218344.4055974750081077
67 71 -0.0000000000000426
68 71 0.6823262988756940
69 71 -0.0000000000014779
71 71 815545.2381697259843349
74 71 188698.0116761669924017
76 71 -0.0000000000000056
77 71 0.5896813238549110
78 71 -0.0000000000000995
80 71 -90040.0636994317028439
208 71 -14367.6835351418994833
210 71 27293.0489923548993829
219 71 101943.1459188290027669
221 71 23587.2487331962001917
230 71 -11255.0067244447000121
61 72 -4789.2269957024000178
63 72 -38313.8253465418019914
64 72 9097.6801609511003335
66 72 72781.4618372758995974
67 72 -1.6069661820000101
68 72 -1.9367552328901401
69 72 -57.0005399697498021
70 72 33981.0461353704013163
72 72 271848.4390192109858617
73 72 7862.4143534956401709
75 72 62899.3292538456007605
76 72 1.6069661819999901
77 72 1.9367552328901201
78 72 58.2725475924796967
79 72 -3751.6682970813399152
81 72 -30013.3544686581008136
209 72 -4789.2272089258804044
211 72 9097.6810313943406072
220 72 33981.0460627021020628
222 72 7862.4134434466495804
231 72 -3751.6680705982398649
70 73 15724.8329296053998405
72 73 7862.4143534956401709
73 73 120053.4378150059928885
75 73 60026.6993097442027647
76 73 -0.0000000000000053
77 73 -0.0000000000000031
78 73 0.5627503990383220
79 73 14288.5172404288005055
81 73 7144.2558264653798688
220 73 -3931.2077818644597755
222 73 -30013.3547606704996724
231 73 -3572.1285860280199813
71 74 188698.0116761669924017
74 74 1440641.0785972699522972
76 74 -0.0000000000001155
77 74 2.2510015961540399
78 74 -0.0000000000039790
80 74 171462.2208324270031881
219 74 23587.2500665297011437
221 74 180080.1177032119885553
230 74 21432.7747117742983392
70 75 7862.4139090512499024
72 75 62899.3292538456007605
73 75 60026.6993097442027647
75 75 480213.7309048899915069
76 75 0.0000000000000115
77 75 0.0000000000000178
78 75 2.2510015961544800
79 75 7144.2562709098901905
81 75 57154.0663316514983308
220 75 7862.4147767801196096
222 75 60026.6992416635985137
231 75 7144.2553861374899498
70 76 0.4017415458333370
71 76 -0.0000000000000056
72 76 1.6069661819999901
73 76 -0.0000000000000053
74 76 -0.0000000000001155
75 76 0.0000000000000115
79 76 -0.3650462288333430
80 76 -0.0000000000000995
81 76 -1.4601849166666601
219 76 -0.3669531633333880
220 76 0.3650462288333450
221 76 -1.4678126533331699
222 76 -0.1467812653333280
230 76 -0.3669531633333030
231 76 -0.4017415458333420
70 77 0.0000000002410515
71 77 0.5896813238549110
72 77 1.9367552328901201
73 77 -0.0000000000000031
74 77 2.2510015961540399
75 77 0.0000000000000178
79 77 0.0000000002190221
80 77 0.5358194742220200
81 77 -1.5991049928536001
219 77 -0.7371016549407270
220 77 0.8799254171437670
221 77 -2.8137519951923600
222 77 -0.3376502394230910
230 77 -0.6697743426556610
231 77 -0.8799254182172760
70 78 14.5681369102077003
71 78 -0.0000000000000995
72 78 58.2725475924796967
73 78 0.5627503990383220
74 78 -0.0000000000039790
75 78 2.2510015961544800
79 78 -13.7732939031398995
80 78 -0.0000000000038654
81 78 -55.0931756628653986
219 78 -13.1719699421832992
220 78 13.2509398918149000
221 78 -54.3037352576822983
222 78 -4.8676231267302201
230 78 -13.9798976866622002
231 78 -15.1712836969596996
70 79 -7503.3389355796398377
72 79 -3751.6682970813399152
73 79 14288.5172404288005055
75 79 7144.2562709098901905
76 79 -0.3650462288333430
77 79 0.0000000002190221
78 79 -13.7732939031398995
79 79 53364.8440453103030450
81 79 26682.4124431685995660
82 79 12348.4487131189998763
84 79 6174.2219126096797481
85 79 0.3650462288333410
86 79 -0.0000000002190234
87 79 14.0230155031151007
88 79 -5906.0371047396602080
90 79 -2953.0173334731398427
220 79 1875.8344680186698952
222 79 -3572.1288082502401267
231 79 -13341.2087229270000535
233 79 -3087.1115361111901620
242 79 1476.5089696987899970
71 80 -90040.0636994317028439
74 80 171462.2208324270031881
76 80 -0.0000000000000995
77 80 0.5358194742220200
78 80 -0.0000000000038654
80 80 640378.0188087150454521
83 80 148181.4035108730022330
85 80 -0.0000000000000908
86 80 0.4630669263370850
87 80 -0.0000000000034106
89 80 -70872.4422956644993974
219 80 -11255.0070577781007160
221 80 21432.7760451075992023
230 80 80047.2440234976966167
232 80 18522.6728384579982958
241 80 -8859.0541030372296518
70 81 -3751.6681859702198381
72 81 -30013.3544686581008136
73 81 7144.2558264653798688
75 81 57154.0663316514983308
76 81 -1.4601849166666601
77 81 -1.5991049928536001
78 81 -55.0931756628653986
79 81 26682.4124431685995660
81 81 213459.3663121759891510
82 81 6174.2223570541000299
84 81 49393.7925589785008924
85 81 1.4601849166666800
86 81 1.5991049928536101
87 81 56.0920620634246987
88 81 -2953.0174445842399109
90 81 -23624.1472088955015352
220 81 -3751.6684039315700829
222 81 7144.2567194708399256
231 81 26682.4124356653010182
233 81 6174.2214649576299053
242 81 -2953.0172177561198623
79 82 12348.4487131189998763
81 82 6174.2223570541000299
82 82 94496.6093411175970687
84 82 47248.2860847479023505
85 82 -0.0000000000000075
86 82 -0.0000000000000009
87 82 0.4429527666072770
88 82 11275.6938333219004562
90 82 5637.8442628017801326
231 82 -3087.1117583333998482
233 82 -23624.1478678583989677
242 82 -2818.9227634434200809
80 83 148181.4035108730022330
83 83 1133959.1389380500186235
85 83 -0.0000000000000853
86 83 1.7718110652462900
87 83 -0.0000000000034959
89 83 135308.3421817159978673
230 83 18522.6741717914010223
232 83 141744.8760065120004583
241 83 16913.5399707655014936
79 84 6174.2219126096797481
81 84 49393.7925589785008924
82 84 47248.2860847479023505
84 84 377986.4178204089985229
85 84 -0.0000000000000071
86 84 -0.0000000000000036
87 84 1.7718110652462000
88 84 5637.8447072462604410
90 84 45102.7727865330016357
231 84 6174.2227982910098945
233 84 47248.2859434768979554
242 84 5637.8438031413497811
79 85 0.3650462288333410
80 85 -0.0000000000000908
81 85 1.4601849166666800
82 85 -0.0000000000000075
83 85 -0.0000000000000853
84 85 -0.0000000000000071
88 85 -0.3333333333333360
89 85 0.0000000000000320
90 85 -1.3333333333333299
230 85 -0.3171289616667110
231 85 0.3333333333333370
232 85 -1.2685158333333799
233 85 -0.1268515833333360
241 85 -0.3171289549999640
242 85 -0.3650462288333380
79 86 -0.0000000002190234
80 86 0.4630669263370850
81 86 1.5991049928536101
82 86 -0.0000000000000009
83 86 1.7718110652462900
84 86 -0.0000000000000036
88 86 -0.0000000000000036
89 86 0.4228386065395990
90 86 -1.3333333333333399
230 86 -0.5788336578790700
231 86 0.7300924581333490
232 86 -2.2147638318538299
233 86 -0.2657716597869250
241 86 -0.5285482582380400
242 86 -0.7300924576476540
79 87 14.0230155031151007
80 87 -0.0000000000034106
81 87 56.0920620634246987
82 87 0.4429527666072770
83 87 -0.0000000000034959
84 87 1.7718110652462000
88 87 -13.2276236816350998
89 87 0.0000000000013074
90 87 -52.9104947267936012
230 87 -12.0817338049471008
231 87 12.8148421481031001
232 87 -49.5337840213092022
233 87 -4.5104256361152002
241 87 -12.6851582019014995
242 87 -14.4961395019524009
79 88 -5906.0371047396602080
81 88 -2953.0174445842399109
82 88 11275.6938333219004562
84 88 5637.8447072462604410
85 88 -0.3333333333333360
86 88 -0.0000000000000036
87 88 -13.2276236816350998
88 88 58537.8373088705993723
90 88 29268.9058250251000572
91 88 18208.8148562382993987
93 88 9104.4032854346405657
94 88 0.3333333333333360
95 88 0.0000000000000031
96 88 13.5040409711112996
97 88 -8405.0220410581696342
99 88 -4202.5088270533597097
231 88 1476.5090252543500355
233 88 -2818.9229856656597804
242 88 -14634.4562522283995349
244 88 -4552.2026641133998055
253 88 2101.2549701223902048
80 89 -70872.4422956644993974
83 89 135308.3421817159978673
85 89 0.0000000000000320
86 89 0.4228386065395990
87 89 0.0000000000013074
89 89 702453.9294529480393976
92 89 218505.7729233219870366
94 89 -0.0000000000001870
95 89 0.6828305511112130
96 89 -0.0000000000075175
98 89 -100860.2539848120068200
230 89 -8859.0544363705594151
232 89 16913.5413040987987188
241 89 87806.7299531059979927
243 89 27313.2175236654002219
252 89 -12607.5297107240003243
79 90 -2953.0173334731398427
81 90 -23624.1472088955015352
82 90 5637.8442628017801326
84 90 45102.7727865330016357
85 90 -1.3333333333333299
86 90 -1.3333333333333399
87 90 -52.9104947267936012
88 90 29268.9058250251000572
90 90 234151.3358710359898396
91 90 9104.4037298789498891
93 90 72835.2553529473952949
94 90 1.3333333333333399
95 90 1.3333333333333299
96 90 54.0161638844447012
97 90 -4202.5089381644502282
99 90 -33620.0859379921967047
231 90 -2953.0175510894500803
233 90 5637.8451364746097170
242 90 29268.9057679116995132
244 90 9104.4028273671301577
253 90 -4202.5087066932501330
88 91 18208.8148562382993987
90 91 9104.4037298789498891
91 91 134480.3611307849932928
93 91 67240.1464771050959826
94 91 0.0000000000000002
95 91 0.0000000000000004
96 91 0.6303765755754260
97 91 15411.2701032725999539
99 91 7705.6301981957203679
242 91 -4552.2028863356399597
244 91 -33620.0821132303972263
253 91 -3852.8163040846297918
89 92 218505.7729233219870366
92 92 1613764.0977753701154143
94 92 -0.0000000000000071
95 92 2.5215063017554900
96 92 -0.0000000000003411
98 92 184935.2301970460102893
241 92 27313.2188569991012628
243 92 201720.4823940389906056
252 92 23116.8990502031992946
88 93 9104.4032854346405657
90 93 72835.2553529473952949
91 93 67240.1464771050959826
93 93 537921.4090263210237026
94 93 0.0000000000000089
95 93 0.0000000000000071
96 93 2.5215063017558901
97 93 7705.6306426401097269
99 93 61645.0755801354971481
242 93 9104.4041607005092374
244 93 67240.1463295425928663
253 93 7705.6297303784504038
88 94 0.3333333333333360
89 94 -0.0000000000001870
90 94 1.3333333333333399
91 94 0.0000000000000002
92 94 -0.0000000000000071
93 94 0.0000000000000089
97 94 -0.2821210421333370
98 94 0.0000000000000284
99 94 -1.1284841680000000
241 94 -0.5121229133332720
242 94 0.2821210420000040
243 94 -2.0484916533333402
244 94 -0.2048491653333340
252 94 -0.5121229133332750
253 94 -0.3333333332000020
88 95 0.0000000000000031
89 95 0.6828305511112130
90 95 1.3333333333333299
91 95 0.0000000000000004
92 95 2.5215063017554900
93 95 0.0000000000000071
97 95 -0.0000000000677114
98 95 0.5779225997665161
99 95 -0.9551073881602680
241 95 -0.8535381888888620
242 95 0.5642420840000040
243 95 -3.1518828773311198
244 95 -0.3782259452633450
252 95 -0.7224032497764979
253 95 -0.5642420838420140
88 96 13.5040409711112996
89 96 -0.0000000000075175
90 96 54.0161638844447012
91 96 0.6303765755754260
92 96 -0.0000000000003411
93 96 2.5215063017558901
97 96 -12.0072449353832997
98 96 0.0000000000013642
99 96 -48.0289797188339023
241 96 -20.4849165333308996
242 96 11.4555493177778995
243 96 -85.0869046736660977
244 96 -7.8783138920642797
252 96 -22.0585358034971009
253 96 -14.2130985043836997
88 97 -8405.0220410581696342
90 97 -4202.5089381644502282
91 97 15411.2701032725999539
93 97 7705.6306426401097269
94 97 -0.2821210421333370
95 97 -0.0000000000677114
96 97 -12.0072449353832997
97 97 55238.5276134040032048
99 97 27619.2473120012000436
100 97 12072.8958808030001819
102 97 6036.4440886088696061
103 97 0.2821210421333400
104 97 0.0000000000677122
105 97 12.2649089861891003
106 97 -5607.2454486727701806
108 97 -2803.6207031834501322
242 97 2101.2550256779400115
244 97 -3852.8165263068499371
253 97 -13809.6279487279007299
255 97 -3018.2229886744298710
264 97 1401.8108636880899667
89 98 -100860.2539848120068200
92 98 184935.2301970460102893
94 98 0.0000000000000284
95 98 0.5779225997665161
96 98 0.0000000000013642
98 98 662862.2025219199713320
101 98 144874.7483690679946449
103 98 -0.0000000000000278
104 98 0.4527336029701520
105 98 -0.0000000000011369
107 98 -67286.9360977136966540
241 98 -12607.5300440572991647
243 98 23116.9003835363982944
252 98 82857.7608704688027501
254 98 18109.3396993413007294
263 98 -8410.8651283161598258
88 99 -4202.5088270533597097
90 99 -33620.0859379921967047
91 99 7705.6301981957203679
93 99 61645.0755801354971481
