4800 4800 27520
1 1 1.0000000000000000
2 2 1.6666666666700001
17 2 0.6666666666670000
18 2 -0.1666666666670000
3 3 1.0000000000000000
4 4 0.0000003728519070
19 4 0.0002229654403570
20 4 -0.0000001864259535
5 5 1.0000000000000000
6 6 0.0000001864259535
8 6 0.0000000466064496
21 6 0.0000000000000000
22 6 -0.0000001864259535
23 6 0.0000000000001482
24 6 -0.0000000466063392
7 7 1.0000000000000000
6 8 0.0000000466064496
8 8 1.6666666783199999
21 8 0.0000000000001482
22 8 -0.0000000466063392
23 8 0.6666666666670000
24 8 -0.1666666783180000
9 9 1.0000000000000000
10 10 1.6666666666700001
25 10 0.6666666666670000
26 10 -0.1666666666670000
11 11 1.0000000000000000
12 12 0.0000001864259535
27 12 0.0000000000000000
28 12 -0.0000001864259535
13 13 1.0000000000000000
14 14 0.0000003728519070
29 14 0.0002229654403570
30 14 -0.0000001864259535
15 15 0.0000009587620464
16 15 0.0000000006234982
31 15 0.0000007190715348
32 15 -0.0000000005344270
15 16 0.0000000006234982
16 16 0.0000000000004468
31 16 0.0000000006234982
32 16 -0.0000000000004468
2 17 0.6666666666670000
17 17 1.3333333333299999
18 17 -0.0000000000000011
2 18 -0.1666666666670000
17 18 -0.0000000000000011
18 18 0.2866043613710000
33 18 0.0623052959502000
34 18 -0.0233644859813000
4 19 0.0002229654403570
19 19 0.8236760124610000
20 19 -0.0001437814521930
35 19 0.0870716510903000
36 19 -0.0000718907260963
4 20 -0.0000001864259535
19 20 -0.0001437814521930
20 20 0.0000002648293919
35 20 0.0000682440950625
36 20 -0.0000000540112575
6 21 0.0000000000000000
8 21 0.0000000000001482
21 21 0.0000029828152556
22 21 0.0000007457038139
23 21 0.0000007457023225
24 21 0.0000001864252088
6 22 -0.0000001864259535
8 22 -0.0000000466063392
21 22 0.0000007457038139
22 22 0.0000029828152556
23 22 0.0000001864252088
24 22 0.0000007456991963
37 22 0.0000007457038139
38 22 -0.0000005592778604
39 22 0.0000001864255066
40 22 -0.0000001398174543
6 23 0.0000000000001482
8 23 0.6666666666670000
21 23 0.0000007457023225
22 23 0.0000001864252088
23 23 1.3333335197600000
24 23 0.0000000466061153
6 24 -0.0000000466063392
8 24 -0.1666666783180000
21 24 0.0000001864252088
22 24 0.0000007456991963
23 24 0.0000000466061153
24 24 0.2866045477940000
37 24 0.0000001864255066
38 24 -0.0000001398174543
39 24 0.0623053425564000
40 24 -0.0233645209352000
10 25 0.6666666666670000
25 25 1.3333333333299999
26 25 -0.0000000000000011
10 26 -0.1666666666670000
25 26 -0.0000000000000011
26 26 0.2866043613710000
41 26 0.0623052959502000
42 26 -0.0233644859813000
12 27 0.0000000000000000
27 27 0.0000029828152556
28 27 0.0000007457038139
12 28 -0.0000001864259535
27 28 0.0000007457038139
28 28 0.0000029828152556
43 28 0.0000007457038139
44 28 -0.0000005592778604
14 29 0.0002229654403570
29 29 0.8236760124610000
30 29 -0.0001437814521930
45 29 0.0870716510903000
46 29 -0.0000718907260963
14 30 -0.0000001864259535
29 30 -0.0001437814521930
30 30 0.0000002648293919
45 30 0.0000682440950625
46 30 -0.0000000540112575
15 31 0.0000007190715348
16 31 0.0000000006234982
31 31 0.0000083092710692
32 31 0.0000000012469963
47 31 0.0000021572146045
48 31 -0.0000000016923522
15 32 -0.0000000005344270
16 32 -0.0000000000004468
31 32 0.0000000012469963
32 32 0.0000000000023832
47 32 0.0000000017814233
48 32 -0.0000000000013405
18 33 0.0623052959502000
33 33 0.3613707165110000
34 33 0.0311526479751000
18 34 -0.0233644859813000
33 34 0.0311526479751000
34 34 0.1346322843350000
49 34 0.0325634229459000
50 34 -0.0135680928941000
19 35 0.0870716510903000
20 35 0.0000682440950625
35 35 0.3793861713380000
36 35 -0.0000292914005521
51 35 0.0517165215196000
52 35 -0.0000422756320555
19 36 -0.0000718907260963
20 36 -0.0000000540112575
35 36 -0.0000292914005521
36 36 0.0000001112432277
51 36 0.0000409881564912
52 36 -0.0000000321180647
22 37 0.0000007457038139
24 37 0.0000001864255066
37 37 0.0000089484457668
38 37 0.0000014914076278
39 37 0.0000022370819496
40 37 0.0000003728443105
22 38 -0.0000005592778604
24 38 -0.0000001398174543
37 38 0.0000014914076278
38 38 0.0000059656305112
39 38 0.0000003728443105
40 38 0.0000014913733695
53 38 0.0000014914076278
54 38 -0.0000009321297674
55 38 0.0000003728446085
56 38 -0.0000002330238773
22 39 0.0000001864255066
24 39 0.0623053425564000
37 39 0.0000022370819496
38 39 0.0000003728443105
39 39 0.3613712757740000
40 39 0.0311527411843000
22 40 -0.0000001398174543
24 40 -0.0233645209352000
37 40 0.0000003728443105
38 40 0.0000014913733695
39 40 0.0311527411843000
40 40 0.1346326571700000
53 40 0.0000003728446085
54 40 -0.0000002330238773
55 40 0.0325635161552000
56 40 -0.0135681511479000
26 41 0.0623052959502000
41 41 0.3613707165110000
42 41 0.0311526479751000
26 42 -0.0233644859813000
41 42 0.0311526479751000
42 42 0.1346322843350000
57 42 0.0325634229459000
58 42 -0.0135680928941000
28 43 0.0000007457038139
43 43 0.0000089484457668
44 43 0.0000014914076278
28 44 -0.0000005592778604
43 44 0.0000014914076278
44 44 0.0000059656305112
59 44 0.0000014914076278
60 44 -0.0000009321297674
29 45 0.0870716510903000
30 45 0.0000682440950625
45 45 0.3793861713380000
46 45 -0.0000292914005521
61 45 0.0517165215196000
62 45 -0.0000422756320555
29 46 -0.0000718907260963
30 46 -0.0000000540112575
45 46 -0.0000292914005521
46 46 0.0000001112432277
61 46 0.0000409881564912
62 46 -0.0000000321180647
31 47 0.0000021572146045
32 47 0.0000000017814233
47 47 0.0000166185421384
48 47 0.0000000012469963
63 47 0.0000035953576742
64 47 -0.0000000028502774
31 48 -0.0000000016923522
32 48 -0.0000000000013405
47 48 0.0000000012469963
48 48 0.0000000000047664
63 48 0.0000000029393485
64 48 -0.0000000000022342
34 49 0.0325634229459000
49 49 0.2145651899530000
50 49 0.0217089486306000
34 50 -0.0135680928941000
49 50 0.0217089486306000
50 50 0.0892547263878000
65 50 0.0219616962181000
66 50 -0.0096082420954000
35 51 0.0517165215196000
36 51 0.0000409881564912
51 51 0.2499014207370000
52 51 -0.0000126546716587
67 51 0.0368391305752000
68 51 -0.0000299850819897
35 52 -0.0000422756320555
36 52 -0.0000000321180647
51 52 -0.0000126546716587
52 52 0.0000000723578693
67 52 0.0000293315886682
68 52 -0.0000000228855424
38 53 0.0000014914076278
40 53 0.0000003728446085
53 53 0.0000149140762780
54 53 0.0000022371114417
55 53 0.0000037283865054
56 53 0.0000005592509007
38 54 -0.0000009321297674
40 54 -0.0000002330238773
53 54 0.0000022371114417
54 54 0.0000089484457668
55 54 0.0000005592509007
56 54 0.0000022369974961
69 54 0.0000022371114417
70 54 -0.0000013049816743
71 54 0.0000005592511986
72 54 -0.0000003262224805
38 55 0.0000003728446085
40 55 0.0325635161552000
53 55 0.0000037283865054
54 55 0.0000005592509007
55 55 0.2145661220170000
56 55 0.0217090884366000
38 56 -0.0000002330238773
40 56 -0.0135681511479000
53 56 0.0000005592509007
54 56 0.0000022369974961
55 56 0.0217090884366000
56 56 0.0892552856087000
69 56 0.0000005592511986
70 56 -0.0000003262224805
71 56 0.0219618360242000
72 56 -0.0096083236452900
42 57 0.0325634229459000
57 57 0.2145651899530000
58 57 0.0217089486306000
42 58 -0.0135680928941000
57 58 0.0217089486306000
58 58 0.0892547263878000
73 58 0.0219616962181000
74 58 -0.0096082420954000
44 59 0.0000014914076278
59 59 0.0000149140762780
60 59 0.0000022371114417
44 60 -0.0000009321297674
59 60 0.0000022371114417
60 60 0.0000089484457668
75 60 0.0000022371114417
76 60 -0.0000013049816743
45 61 0.0517165215196000
46 61 0.0000409881564912
61 61 0.2499014207370000
62 61 -0.0000126546716587
77 61 0.0368391305752000
78 61 -0.0000299850819897
45 62 -0.0000422756320555
46 62 -0.0000000321180647
61 62 -0.0000126546716587
62 62 0.0000000723578693
77 62 0.0000293315886682
78 62 -0.0000000228855424
47 63 0.0000035953576742
48 63 0.0000000029393485
63 63 0.0000249278132076
64 63 0.0000000012469963
79 63 0.0000050335007438
80 63 -0.0000000040082025
47 64 -0.0000000028502774
48 64 -0.0000000000022342
63 64 0.0000000012469963
64 64 0.0000000000071495
79 64 0.0000000040972737
80 64 -0.0000000000031279
50 65 0.0219616962181000
65 65 0.1528275683880000
66 65 0.0164712721635000
50 66 -0.0096082420954000
65 66 0.0164712721635000
66 66 0.0668185006579000
81 66 0.0165487130735000
82 66 -0.0074469208830700
51 67 0.0368391305752000
52 67 0.0000293315886682
67 67 0.1866667679200000
68 67 -0.0000070510534381
83 67 0.0286204711102000
84 67 -0.0000232397959514
51 68 -0.0000299850819897
52 68 -0.0000000228855424
67 68 -0.0000070510534381
68 68 0.0000000538212616
83 68 0.0000228453023287
84 68 -0.0000000177820467
54 69 0.0000022371114417
56 69 0.0000005592511986
69 69 0.0000208797067893
70 69 0.0000029828152556
71 69 0.0000052195659440
72 69 0.0000007456387234
54 70 -0.0000013049816743
56 70 -0.0000003262224805
69 70 0.0000029828152556
70 70 0.0000119312610224
71 70 0.0000007456387234
72 70 0.0000029825465526
85 70 0.0000029828152556
86 70 -0.0000016778335813
87 70 0.0000007456390213
88 70 -0.0000004194101360
54 71 0.0000005592511986
56 71 0.0219618360242000
69 71 0.0000052195659440
70 71 0.0000007456387234
71 71 0.1528288731890000
72 71 0.0164714585570000
54 72 -0.0000003262224805
56 72 -0.0096083236452900
69 72 0.0000007456387234
70 72 0.0000029825465526
71 72 0.0164714585570000
72 72 0.0668192462274000
85 72 0.0000007456390213
86 72 -0.0000004194101360
87 72 0.0165488994670000
88 72 -0.0074470257235400
58 73 0.0219616962181000
73 73 0.1528275683880000
74 73 0.0164712721635000
58 74 -0.0096082420954000
73 74 0.0164712721635000
74 74 0.0668185006579000
89 74 0.0165487130735000
90 74 -0.0074469208830700
60 75 0.0000022371114417
75 75 0.0000208797067893
76 75 0.0000029828152556
60 76 -0.0000013049816743
75 76 0.0000029828152556
76 76 0.0000119312610224
91 76 0.0000029828152556
92 76 -0.0000016778335813
61 77 0.0368391305752000
62 77 0.0000293315886682
77 77 0.1866667679200000
78 77 -0.0000070510534381
93 77 0.0286204711102000
94 77 -0.0000232397959514
61 78 -0.0000299850819897
62 78 -0.0000000228855424
77 78 -0.0000070510534381
78 78 0.0000000538212616
93 78 0.0000228453023287
94 78 -0.0000000177820467
63 79 0.0000050335007438
64 79 0.0000000040972737
79 79 0.0000332370842768
80 79 0.0000000012469963
95 79 0.0000064716438135
96 79 -0.0000000051661277
63 80 -0.0000000040082025
64 80 -0.0000000000031279
79 80 0.0000000012469963
80 80 0.0000000000095327
95 80 0.0000000052551989
96 80 -0.0000000000040216
66 81 0.0165487130735000
81 81 0.1187282137950000
82 81 0.0132389704588000
66 82 -0.0074469208830700
81 82 0.0132389704588000
82 82 0.0534105025801000
97 82 0.0132702316001000
98 82 -0.0060821894833900
67 83 0.0286204711102000
68 83 0.0000228453023287
83 83 0.1490566971360000
84 83 -0.0000044932198612
99 83 0.0234034580169000
100 83 -0.0000189745514368
67 84 -0.0000232397959514
68 84 -0.0000000177820467
83 84 -0.0000044932198612
84 84 0.0000000428948457
99 84 0.0000187107482043
100 84 -0.0000000145415820
70 85 0.0000029828152556
72 85 0.0000007456390213
85 85 0.0000268453373005
86 85 0.0000037285190695
87 85 0.0000067105702196
88 85 0.0000009320015228
70 86 -0.0000016778335813
72 86 -0.0000004194101360
85 86 0.0000037285190695
86 86 0.0000149140762780
87 86 0.0000009320015228
88 86 0.0000037279955157
101 86 0.0000037285190695
102 86 -0.0000020506854882
103 86 0.0000009320018207
104 86 -0.0000005125837159
70 87 0.0000007456390213
72 87 0.0165488994670000
85 87 0.0000067105702196
86 87 0.0000009320015228
87 87 0.1187298912470000
88 87 0.0132392034271000
70 88 -0.0000004194101360
72 88 -0.0074470257235400
85 88 0.0000009320015228
86 88 0.0000037279955157
87 88 0.0132392034271000
88 88 0.0534114344481000
101 88 0.0000009320018207
102 88 -0.0000005125837159
103 88 0.0132704645686000
104 88 -0.0060823176074100
74 89 0.0165487130735000
89 89 0.1187282137950000
90 89 0.0132389704588000
74 90 -0.0074469208830700
89 90 0.0132389704588000
90 90 0.0534105025801000
105 90 0.0132702316001000
106 90 -0.0060821894833900
76 91 0.0000029828152556
91 91 0.0000268453373005
92 91 0.0000037285190695
76 92 -0.0000016778335813
91 92 0.0000037285190695
92 92 0.0000149140762780
107 92 0.0000037285190695
108 92 -0.0000020506854882
77 93 0.0286204711102000
78 93 0.0000228453023287
93 93 0.1490566971360000
94 93 -0.0000044932198612
109 93 0.0234034580169000
110 93 -0.0000189745514368
77 94 -0.0000232397959514
78 94 -0.0000000177820467
93 94 -0.0000044932198612
94 94 0.0000000428948457
109 94 0.0000187107482043
110 94 -0.0000000145415820
79 95 0.0000064716438135
80 95 0.0000000052551989
95 95 0.0000415463553460
96 95 0.0000000012469963
111 95 0.0000079097868832
112 95 -0.0000000063240529
79 96 -0.0000000051661277
80 96 -0.0000000000040216
95 96 0.0000000012469963
96 96 0.0000000000119159
111 96 0.0000000064131241
112 96 -0.0000000000049153
82 97 0.0132702316001000
97 97 0.0970844273937000
98 97 0.0110585263334000
82 98 -0.0060821894833900
97 98 0.0110585263334000
98 98 0.0444889268813000
113 98 0.0110734845011000
114 98 -0.0051412606612500
83 99 0.0234034580169000
84 99 0.0000187107482043
99 99 0.1240896043480000
100 99 -0.0000031130332371
115 99 0.0197964677461000
116 99 -0.0000160331343492
83 100 -0.0000189745514368
84 100 -0.0000000145415820
99 100 -0.0000031130332371
100 100 0.0000000356730255
115 100 0.0000158443720919
116 100 -0.0000000123008349
86 101 0.0000037285190695
88 101 0.0000009320018207
101 101 0.0000328109678117
102 101 0.0000044742228834
103 101 0.0000082013492850
104 101 0.0000011183330429
86 102 -0.0000020506854882
88 102 -0.0000005125837159
101 102 0.0000044742228834
102 102 0.0000178968915336
103 102 0.0000011183330429
104 102 0.0000044733193621
117 102 0.0000044742228834
118 102 -0.0000024235373952
119 102 0.0000011183333408
120 102 -0.0000006057400922
86 103 0.0000009320018207
88 103 0.0132704645686000
101 103 0.0000082013492850
102 103 0.0000011183330429
103 103 0.0970864773829000
104 103 0.0110588058610000
86 104 -0.0000005125837159
88 104 -0.0060823176074100
101 104 0.0000011183330429
102 104 0.0000044733193621
103 104 0.0110588058610000
104 104 0.0444900449853000
117 104 0.0000011183333408
118 104 -0.0000006057400922
119 104 0.0110737640289000
120 104 -0.0051414120602100
90 105 0.0132702316001000
105 105 0.0970844273937000
106 105 0.0110585263334000
90 106 -0.0060821894833900
105 106 0.0110585263334000
106 106 0.0444889268813000
121 106 0.0110734845011000
122 106 -0.0051412606612500
92 107 0.0000037285190695
107 107 0.0000328109678117
108 107 0.0000044742228834
92 108 -0.0000020506854882
107 108 0.0000044742228834
108 108 0.0000178968915336
123 108 0.0000044742228834
124 108 -0.0000024235373952
93 109 0.0234034580169000
94 109 0.0000187107482043
109 109 0.1240896043480000
110 109 -0.0000031130332371
125 109 0.0197964677461000
126 109 -0.0000160331343492
93 110 -0.0000189745514368
94 110 -0.0000000145415820
109 110 -0.0000031130332371
110 110 0.0000000356730255
125 110 0.0000158443720919
126 110 -0.0000000123008349
95 111 0.0000079097868832
96 111 0.0000000064131241
111 111 0.0000498556264152
112 111 0.0000000012469963
127 111 0.0000093479299529
128 111 -0.0000000074819781
95 112 -0.0000000063240529
96 112 -0.0000000000049153
111 112 0.0000000012469963
112 112 0.0000000000142991
127 112 0.0000000075710492
128 112 -0.0000000000058090
98 113 0.0110734845011000
113 113 0.0821207465620000
114 113 0.0094915581438400
98 114 -0.0051412606612500
113 114 0.0094915581438400
114 114 0.0381231843574000
129 114 0.0094995943637000
130 114 -0.0044529348579800
99 115 0.0197964677461000
100 115 0.0000158443720919
115 115 0.1062985447920000
116 115 -0.0000022839307920
131 115 0.0171534302328000
132 115 -0.0000138817185119
99 116 -0.0000160331343492
100 116 -0.0000000123008349
115 116 -0.0000022839307920
116 116 0.0000000305395250
131 116 0.0000137399909861
132 116 -0.0000000106587778
102 117 0.0000044742228834
104 117 0.0000011183333408
117 117 0.0000387765983229
118 117 0.0000052199266973
119 117 0.0000096918530936
120 117 0.0000013046270281
102 118 -0.0000024235373952
104 118 -0.0000006057400922
117 118 0.0000052199266973
118 118 0.0000208797067893
119 118 0.0000013046270281
120 118 0.0000052184930685
133 118 0.0000052199266973
134 118 -0.0000027963893021
135 118 0.0000013046273260
136 118 -0.0000006988761371
102 119 0.0000011183333408
104 119 0.0110737640289000
117 119 0.0000096918530936
118 119 0.0000013046270281
119 119 0.0821231689513000
120 119 0.0094918842119600
102 120 -0.0000006057400922
104 120 -0.0051414120602100
117 120 0.0000013046270281
118 120 0.0000052184930685
119 120 0.0094918842119600
120 120 0.0381244886224000
133 120 0.0000013046273260
134 120 -0.0000006988761371
135 120 0.0094999204319600
136 120 -0.0044531095217400
106 121 0.0110734845011000
121 121 0.0821207465620000
122 121 0.0094915581438400
106 122 -0.0051412606612500
121 122 0.0094915581438400
122 122 0.0381231843574000
137 122 0.0094995943637000
138 122 -0.0044529348579800
108 123 0.0000044742228834
123 123 0.0000387765983229
124 123 0.0000052199266973
108 124 -0.0000024235373952
123 124 0.0000052199266973
124 124 0.0000208797067893
139 124 0.0000052199266973
140 124 -0.0000027963893021
109 125 0.0197964677461000
110 125 0.0000158443720919
125 125 0.1062985447920000
126 125 -0.0000022839307920
141 125 0.0171534302328000
142 125 -0.0000138817185119
109 126 -0.0000160331343492
110 126 -0.0000000123008349
125 126 -0.0000022839307920
126 126 0.0000000305395250
141 126 0.0000137399909861
142 126 -0.0000000106587778
111 127 0.0000093479299529
112 127 0.0000000075710492
127 127 0.0000581648974844
128 127 0.0000000012469963
143 127 0.0000107860730225
144 127 -0.0000000086399032
111 128 -0.0000000074819781
112 128 -0.0000000000058090
127 128 0.0000000012469963
128 128 0.0000000000166822
143 128 0.0000000087289744
144 128 -0.0000000000067027
114 129 0.0094995943637000
129 129 0.0711563127433000
130 129 0.0083121450682300
114 130 -0.0044529348579800
129 130 0.0083121450682300
130 130 0.0333520266367000
145 130 0.0083168414667300
146 130 -0.0039273973592900
115 131 0.0171534302328000
116 131 0.0000137399909861
131 131 0.0929749914308000
132 131 -0.0000017470525495
147 131 0.0151333119236000
148 131 -0.0000122395952554
115 132 -0.0000138817185119
116 132 -0.0000000106587778
131 132 -0.0000017470525495
132 132 0.0000000267009435
147 132 0.0000121292817664
148 132 -0.0000000094036571
118 133 0.0000052199266973
120 133 0.0000013046273260
133 133 0.0000447422288341
134 133 0.0000059656305112
135 133 0.0000111820315989
136 133 0.0000014908772224
118 134 -0.0000027963893021
120 134 -0.0000006988761371
133 134 0.0000059656305112
134 134 0.0000238625220449
135 134 0.0000014908772224
136 134 0.0000059634916116
149 134 0.0000059656305112
150 134 -0.0000031692412091
151 134 0.0000014908775203
152 134 -0.0000007919887226
118 135 0.0000013046273260
120 135 0.0094999204319600
133 135 0.0000111820315989
134 135 0.0000014908772224
135 135 0.0711591073701000
136 135 0.0083125176549800
118 136 -0.0000006988761371
120 136 -0.0044531095217400
133 136 0.0000014908772224
134 136 0.0000059634916116
135 136 0.0083125176549800
136 136 0.0333535169751000
149 136 0.0000014908775203
150 136 -0.0000007919887226
151 136 0.0083172140536300
152 136 -0.0039275952761100
122 137 0.0094995943637000
137 137 0.0711563127433000
138 137 0.0083121450682300
122 138 -0.0044529348579800
137 138 0.0083121450682300
138 138 0.0333520266367000
153 138 0.0083168414667300
154 138 -0.0039273973592900
124 139 0.0000052199266973
139 139 0.0000447422288341
140 139 0.0000059656305112
124 140 -0.0000027963893021
139 140 0.0000059656305112
140 140 0.0000238625220449
155 140 0.0000059656305112
156 140 -0.0000031692412091
125 141 0.0171534302328000
126 141 0.0000137399909861
141 141 0.0929749914308000
142 141 -0.0000017470525495
157 141 0.0151333119236000
158 141 -0.0000122395952554
125 142 -0.0000138817185119
126 142 -0.0000000106587778
141 142 -0.0000017470525495
142 142 0.0000000267009435
157 142 0.0000121292817664
158 142 -0.0000000094036571
127 143 0.0000107860730225
128 143 0.0000000087289744
143 143 0.0000664741685536
144 143 0.0000000012469963
159 143 0.0000122242160922
160 143 -0.0000000097978284
127 144 -0.0000000086399032
128 144 -0.0000000000067027
143 144 0.0000000012469963
144 144 0.0000000000190654
159 144 0.0000000098868996
160 144 -0.0000000000075964
130 145 0.0083168414667300
145 145 0.0627761415528000
146 145 0.0073927479704300
130 146 -0.0039273973592900
145 146 0.0073927479704300
146 146 0.0296427448662000
161 146 0.0073956738238200
162 146 -0.0035129450663200
131 147 0.0151333119236000
132 147 0.0000121292817664
147 147 0.0826223928410000
148 147 -0.0000013795323936
163 147 0.0135390350345000
164 147 -0.0000109450045674
131 148 -0.0000122395952554
132 148 -0.0000000094036571
147 148 -0.0000013795323936
148 148 0.0000000237213177
163 148 0.0000108567083699
164 148 -0.0000000084130791
134 149 0.0000059656305112
136 149 0.0000014908775203
149 149 0.0000507078593453
150 149 0.0000067113343251
151 149 0.0000126718347541
152 149 0.0000016770773701
134 150 -0.0000031692412091
136 150 -0.0000007919887226
149 150 0.0000067113343251
150 150 0.0000268453373005
151 150 0.0000016770773701
152 150 0.0000067082899679
165 150 0.0000067113343251
166 150 -0.0000035420931160
167 150 0.0000016770776679
168 150 -0.0000008850747208
134 151 0.0000014908775203
136 151 0.0083172140536300
149 151 0.0000126718347541
150 151 0.0000016770773701
151 151 0.0627793082295000
152 151 0.0073931670508000
134 152 -0.0000007919887226
136 152 -0.0039275952761100
149 152 0.0000016770773701
150 152 0.0000067082899679
151 152 0.0073931670508000
152 152 0.0296444211780000
165 152 0.0000016770776679
166 152 -0.0000008850747208
167 152 0.0073960929043500
168 152 -0.0035131662229200
138 153 0.0083168414667300
153 153 0.0627761415528000
154 153 0.0073927479704300
138 154 -0.0039273973592900
153 154 0.0073927479704300
154 154 0.0296427448662000
169 154 0.0073956738238200
170 154 -0.0035129450663200
140 155 0.0000059656305112
155 155 0.0000507078593453
156 155 0.0000067113343251
140 156 -0.0000031692412091
155 156 0.0000067113343251
156 156 0.0000268453373005
171 156 0.0000067113343251
172 156 -0.0000035420931160
141 157 0.0151333119236000
142 157 0.0000121292817664
157 157 0.0826223928410000
158 157 -0.0000013795323936
173 157 0.0135390350345000
174 157 -0.0000109450045674
141 158 -0.0000122395952554
142 158 -0.0000000094036571
157 158 -0.0000013795323936
158 158 0.0000000237213177
173 158 0.0000108567083699
174 158 -0.0000000084130791
143 159 0.0000122242160922
144 159 0.0000000098868996
159 159 0.0000747834396228
160 159 0.0000000012469963
175 159 0.0000136623591619
176 159 -0.0000000109557536
143 160 -0.0000000097978284
144 160 -0.0000000000075964
159 160 0.0000000012469963
160 160 0.0000000000214486
175 160 0.0000000110448248
176 160 -0.0000000000084901
146 161 0.0073956738238200
161 161 0.0561625829303000
162 161 0.0066561064414500
146 162 -0.0035129450663200
161 162 0.0066561064414500
162 162 0.0266762205686000
177 162 0.0066580232477300
178 162 -0.0031776929136900
147 163 0.0135390350345000
148 163 0.0000108567083699
163 163 0.0743459796391000
164 163 -0.0000011169268408
179 163 0.0122487491183000
180 163 -0.0000098981494306
147 164 -0.0000109450045674
148 164 -0.0000000084130791
163 164 -0.0000011169268408
164 164 0.0000000213409239
179 164 0.0000098258800416
180 164 -0.0000000076113597
150 165 0.0000067113343251
152 165 0.0000016770776679
165 165 0.0000566734898566
166 165 0.0000074570381390
167 165 0.0000141612125126
168 165 0.0000018632212152
150 166 -0.0000035420931160
152 166 -0.0000008850747208
165 166 0.0000074570381390
166 166 0.0000298281525561
167 166 0.0000018632212152
168 166 0.0000074528631142
181 166 0.0000074570381390
182 166 -0.0000039149450230
183 166 0.0000018632215131
184 166 -0.0000009781310038
150 167 0.0000016770776679
152 167 0.0073960929043500
165 167 0.0000141612125126
166 167 0.0000018632212152
167 167 0.0561661214443000
168 167 0.0066565719873100
150 168 -0.0000008850747208
152 168 -0.0035131662229200
165 168 0.0000018632212152
166 168 0.0000074528631142
167 168 0.0066565719873100
168 168 0.0266780827412000
181 168 0.0000018632215131
182 168 -0.0000009781310038
183 168 0.0066584887937500
184 168 -0.0031779372952200
154 169 0.0073956738238200
169 169 0.0561625829303000
170 169 0.0066561064414500
154 170 -0.0035129450663200
169 170 0.0066561064414500
170 170 0.0266762205686000
185 170 0.0066580232477300
186 170 -0.0031776929136900
156 171 0.0000067113343251
171 171 0.0000566734898566
172 171 0.0000074570381390
156 172 -0.0000035420931160
171 172 0.0000074570381390
172 172 0.0000298281525561
187 172 0.0000074570381390
188 172 -0.0000039149450230
157 173 0.0135390350345000
158 173 0.0000108567083699
173 173 0.0743459796391000
174 173 -0.0000011169268408
189 173 0.0122487491183000
190 173 -0.0000098981494306
157 174 -0.0000109450045674
158 174 -0.0000000084130791
173 174 -0.0000011169268408
174 174 0.0000000213409239
189 174 0.0000098258800416
190 174 -0.0000000076113597
159 175 0.0000136623591619
160 175 0.0000000110448248
175 175 0.0000830927106920
176 175 0.0000000012469963
191 175 0.0000151005022315
192 175 -0.0000000121136788
159 176 -0.0000000109557536
160 176 -0.0000000000084901
175 176 0.0000000012469963
176 176 0.0000000000238318
191 176 0.0000000122027499
192 176 -0.0000000000093838
162 177 0.0066580232477300
177 177 0.0508101144488000
178 177 0.0060527484070300
162 178 -0.0031776929136900
177 178 0.0060527484070300
178 178 0.0242495982891000
193 178 0.0060540561767300
194 178 -0.0029009019180200
163 179 0.0122487491183000
164 179 0.0000098258800416
179 179 0.0675777288775000
180 179 -0.0000009227781042
195 179 0.0111830552967000
196 179 -0.0000090341132968
163 180 -0.0000098981494306
164 180 -0.0000000076113597
179 180 -0.0000009227781042
180 180 0.0000000193952890
195 180 0.0000089738718900
196 180 -0.0000000069491776
166 181 0.0000074570381390
168 181 0.0000018632215131
181 181 0.0000626391203678
182 181 0.0000082027419529
183 181 0.0000156501148276
184 181 0.0000020493025020
166 182 -0.0000039149450230
168 182 -0.0000009781310038
181 182 0.0000082027419529
182 182 0.0000328109678117
183 182 0.0000020493025020
184 182 0.0000081971860271
197 182 0.0000082027419529
198 182 -0.0000042877969299
199 182 0.0000020493027998
200 182 -0.0000010711544436
166 183 0.0000018632215131
168 183 0.0066584887937500
181 183 0.0000156501148276
182 183 0.0000020493025020
183 183 0.0508140245626000
184 183 0.0060532603871500
166 184 -0.0000009781310038
168 184 -0.0031779372952200
181 184 0.0000020493025020
182 184 0.0000081971860271
183 184 0.0060532603871500
184 184 0.0242516461976000
197 184 0.0000020493027998
198 184 -0.0000010711544436
199 184 0.0060545681569900
200 184 -0.0029011695080800
170 185 0.0066580232477300
185 185 0.0508101144488000
186 185 0.0060527484070300
170 186 -0.0031776929136900
185 186 0.0060527484070300
186 186 0.0242495982891000
201 186 0.0060540561767300
202 186 -0.0029009019180200
172 187 0.0000074570381390
187 187 0.0000626391203678
188 187 0.0000082027419529
172 188 -0.0000039149450230
187 188 0.0000082027419529
188 188 0.0000328109678117
203 188 0.0000082027419529
204 188 -0.0000042877969299
173 189 0.0122487491183000
174 189 0.0000098258800416
189 189 0.0675777288775000
190 189 -0.0000009227781042
205 189 0.0111830552967000
206 189 -0.0000090341132968
173 190 -0.0000098981494306
174 190 -0.0000000076113597
189 190 -0.0000009227781042
190 190 0.0000000193952890
205 190 0.0000089738718900
206 190 -0.0000000069491776
175 191 0.0000151005022315
176 191 0.0000000122027499
191 191 0.0000914019817611
192 191 0.0000000012469963
207 191 0.0000165386453012
208 191 -0.0000000132716040
175 192 -0.0000000121136788
176 192 -0.0000000000093838
191 192 0.0000000012469963
192 192 0.0000000000262149
207 192 0.0000000133606751
208 192 -0.0000000000102774
178 193 0.0060540561767300
193 193 0.0463893418068000
194 193 0.0055495514953400
178 194 -0.0029009019180200
193 194 0.0055495514953400
194 194 0.0222277457597000
209 194 0.0055504740989300
210 194 -0.0026684971629500
179 195 0.0111830552967000
180 195 0.0000089738718900
195 195 0.0619396147708000
196 195 -0.0000007751971546
211 195 0.0102879965187000
212 195 -0.0000083088428188
179 196 -0.0000090341132968
180 196 -0.0000000069491776
195 196 -0.0000007751971546
196 196 0.0000000177751482
211 196 0.0000082578583042
212 196 -0.0000000063930135
182 197 0.0000082027419529
184 197 0.0000020493027998
197 197 0.0000686047508790
198 197 0.0000089484457668
199 197 0.0000171384916525
200 197 0.0000022353149746
182 198 -0.0000042877969299
184 198 -0.0000010711544436
197 198 0.0000089484457668
198 198 0.0000357937830673
199 198 0.0000022353149746
200 198 0.0000089412336833
213 198 0.0000089484457668
214 198 -0.0000046606488369
215 198 0.0000022353152725
216 198 -0.0000011641419124
182 199 0.0000020493027998
184 199 0.0060545681569900
197 199 0.0000171384916525
198 199 0.0000022353149746
199 199 0.0463936232581000
200 199 0.0055501098753300
182 200 -0.0000010711544436
184 200 -0.0029011695080800
197 200 0.0000022353149746
198 200 0.0000089412336833
199 200 0.0055501098753300
200 200 0.0222299792666000
213 200 0.0000022353152725
214 200 -0.0000011641419124
215 200 0.0055510324790600
216 200 -0.0026687879435700
186 201 0.0060540561767300
201 201 0.0463893418068000
202 201 0.0055495514953400
186 202 -0.0029009019180200
201 202 0.0055495514953400
202 202 0.0222277457597000
217 202 0.0055504740989300
218 202 -0.0026684971629500
188 203 0.0000082027419529
203 203 0.0000686047508790
204 203 0.0000089484457668
188 204 -0.0000042877969299
203 204 0.0000089484457668
204 204 0.0000357937830673
219 204 0.0000089484457668
220 204 -0.0000046606488369
189 205 0.0111830552967000
190 205 0.0000089738718900
205 205 0.0619396147708000
206 205 -0.0000007751971546
221 205 0.0102879965187000
222 205 -0.0000083088428188
189 206 -0.0000090341132968
190 206 -0.0000000069491776
205 206 -0.0000007751971546
206 206 0.0000000177751482
221 206 0.0000082578583042
222 206 -0.0000000063930135
191 207 0.0000165386453012
192 207 0.0000000133606751
207 207 0.0000997112528303
208 207 0.0000000012469963
223 207 0.0000179767883709
224 207 -0.0000000144295291
191 208 -0.0000000132716040
192 208 -0.0000000000102774
207 208 0.0000000012469963
208 208 0.0000000000285981
223 208 0.0000000145186003
224 208 -0.0000000000111711
194 209 0.0055504740989300
209 209 0.0426764230634000
210 209 0.0051235145528600
194 210 -0.0026684971629500
209 210 0.0051235145528600
210 210 0.0205171635154000
225 210 0.0051241839521700
226 210 -0.0024705886912300
195 211 0.0102879965187000
196 211 0.0000082578583042
211 211 0.0571702638143000
212 211 -0.0000006603952776
227 211 0.0095256211350600
228 211 -0.0000076913884470
195 212 -0.0000083088428188
196 212 -0.0000000063930135
211 212 -0.0000006603952776
212 212 0.0000000164050531
227 212 0.0000076476800119
228 212 -0.0000000059192896
198 213 0.0000089484457668
200 213 0.0000022353152725
213 213 0.0000745703813902
214 213 0.0000096941495807
215 213 0.0000186262929407
216 213 0.0000024212523772
198 214 -0.0000046606488369
200 214 -0.0000011641419124
213 214 0.0000096941495807
214 214 0.0000387765983229
215 214 0.0000024212523772
216 214 0.0000096849810595
229 214 0.0000096941495807
230 214 -0.0000050335007438
231 214 0.0000024212526750
232 214 -0.0000012570902822
198 215 0.0000022353152725
200 215 0.0055510324790600
213 215 0.0000186262929407
214 215 0.0000024212523772
215 215 0.0426810755646000
216 215 0.0051241192952300
198 216 -0.0000011641419124
200 216 -0.0026687879435700
213 216 0.0000024212523772
214 216 0.0000096849810595
215 216 0.0051241192952300
216 216 0.0205195824707000
229 216 0.0000024212526750
230 216 -0.0000012570902822
231 216 0.0051247886947000
232 216 -0.0024709026429000
202 217 0.0055504740989300
217 217 0.0426764230634000
218 217 0.0051235145528600
202 218 -0.0026684971629500
217 218 0.0051235145528600
218 218 0.0205171635154000
233 218 0.0051241839521700
234 218 -0.0024705886912300
204 219 0.0000089484457668
219 219 0.0000745703813902
220 219 0.0000096941495807
204 220 -0.0000046606488369
219 220 0.0000096941495807
220 220 0.0000387765983229
235 220 0.0000096941495807
236 220 -0.0000050335007438
205 221 0.0102879965187000
206 221 0.0000082578583042
221 221 0.0571702638143000
222 221 -0.0000006603952776
237 221 0.0095256211350600
238 221 -0.0000076913884470
205 222 -0.0000083088428188
206 222 -0.0000000063930135
221 222 -0.0000006603952776
222 222 0.0000000164050531
237 222 0.0000076476800119
238 222 -0.0000000059192896
207 223 0.0000179767883709
208 223 0.0000000145186003
223 223 0.0001080205239000
224 223 0.0000000012469963
239 223 0.0000194149314405
240 223 -0.0000000155874543
207 224 -0.0000000144295291
208 224 -0.0000000000111711
223 224 0.0000000012469963
224 224 0.0000000000309813
239 224 0.0000000156765255
240 224 -0.0000000000120648
210 225 0.0051241839521700
225 225 0.0395139173267000
226 225 0.0047581708127400
210 226 -0.0024705886912300
225 226 0.0047581708127400
226 226 0.0190510954042000
241 226 0.0047586682328300
242 226 -0.0023000229792000
211 227 0.0095256211350600
212 227 0.0000076476800119
227 227 0.0530831639629000
228 227 -0.0000005693351122
243 227 0.0088684570603300
244 227 -0.0000071593687818
211 228 -0.0000076913884470
212 228 -0.0000000059192896
227 228 -0.0000005693351122
228 228 0.0000000152312194
243 228 0.0000071214829900
244 228 -0.0000000055109380
214 229 0.0000096941495807
216 229 0.0000024212526750
229 229 0.0000805360119014
230 229 0.0000104398533946
231 229 0.0000201134686454
232 229 0.0000026071084539
214 230 -0.0000050335007438
216 230 -0.0000012570902822
229 230 0.0000104398533946
230 230 0.0000417594135785
231 230 0.0000026071084539
232 230 0.0000104284031322
245 230 0.0000104398533946
246 230 -0.0000054063526508
247 230 0.0000026071087518
248 230 -0.0000013499964252
214 231 0.0000024212526750
216 231 0.0051247886947000
229 231 0.0000201134686454
230 231 0.0000026071084539
231 231 0.0395189405655000
232 231 0.0047588218769000
214 232 -0.0000012570902822
216 232 -0.0024709026429000
229 232 0.0000026071084539
230 232 0.0000104284031322
231 232 0.0047588218769000
232 232 0.0190536996456000
245 232 0.0000026071087518
246 232 -0.0000013499964252
247 232 0.0047593192971500
248 232 -0.0023003600808400
218 233 0.0051241839521700
233 233 0.0395139173267000
234 233 0.0047581708127400
218 234 -0.0024705886912300
233 234 0.0047581708127400
234 234 0.0190510954042000
249 234 0.0047586682328300
250 234 -0.0023000229792000
220 235 0.0000096941495807
235 235 0.0000805360119014
236 235 0.0000104398533946
220 236 -0.0000050335007438
235 236 0.0000104398533946
236 236 0.0000417594135785
251 236 0.0000104398533946
252 236 -0.0000054063526508
221 237 0.0095256211350600
222 237 0.0000076476800119
237 237 0.0530831639629000
238 237 -0.0000005693351122
253 237 0.0088684570603300
254 237 -0.0000071593687818
221 238 -0.0000076913884470
222 238 -0.0000000059192896
237 238 -0.0000005693351122
238 238 0.0000000152312194
253 238 0.0000071214829900
254 238 -0.0000000055109380
223 239 0.0000194149314405
224 239 0.0000000156765255
239 239 0.0001163297949690
240 239 0.0000000012469963
255 239 0.0000208530745102
256 239 -0.0000000167453795
223 240 -0.0000000155874543
224 240 -0.0000000000120648
239 240 0.0000000012469963
240 240 0.0000000000333645
255 240 0.0000000168344506
256 240 -0.0000000000129585
226 241 0.0047586682328300
241 241 0.0367878590446000
242 241 0.0044414236839800
226 242 -0.0023000229792000
241 242 0.0044414236839800
242 242 0.0177806035983000
257 242 0.0044418009871300
258 242 -0.0021514973531400
227 243 0.0088684570603300
228 243 0.0000071214829900
243 243 0.0495416446091000
244 243 -0.0000004958927859
259 243 0.0082961277176300
260 243 -0.0000066961971030
227 244 -0.0000071593687818
228 244 -0.0000000055109380
243 244 -0.0000004958927859
244 244 0.0000000142142662
259 244 0.0000066630433742
260 244 -0.0000000051552989
230 245 0.0000104398533946
232 245 0.0000026071087518
245 245 0.0000865016424127
246 245 0.0000111855572085
247 245 0.0000215999687200
248 245 0.0000027928769490
230 246 -0.0000054063526508
232 246 -0.0000013499964252
245 246 0.0000111855572085
246 246 0.0000447422288341
247 246 0.0000027928769490
248 246 0.0000111714748782
261 246 0.0000111855572085
262 246 -0.0000057792045577
263 246 0.0000027928772468
264 246 -0.0000014428572133
230 247 0.0000026071087518
232 247 0.0047593192971500
245 247 0.0000215999687200
246 247 0.0000027928769490
247 247 0.0367932526838000
248 247 0.0044421210262300
230 248 -0.0000013499964252
232 248 -0.0023003600808400
245 248 0.0000027928769490
246 248 0.0000111714748782
247 248 0.0044421210262300
248 248 0.0177833929508000
261 248 0.0000027928772468
262 248 -0.0000014428572133
263 248 0.0044424983295300
264 248 -0.0021518575821200
234 249 0.0047586682328300
249 249 0.0367878590446000
250 249 0.0044414236839800
234 250 -0.0023000229792000
249 250 0.0044414236839800
250 250 0.0177806035983000
265 250 0.0044418009871300
266 250 -0.0021514973531400
236 251 0.0000104398533946
251 251 0.0000865016424127
252 251 0.0000111855572085
236 252 -0.0000054063526508
251 252 0.0000111855572085
252 252 0.0000447422288341
267 252 0.0000111855572085
268 252 -0.0000057792045577
237 253 0.0088684570603300
238 253 0.0000071214829900
253 253 0.0495416446091000
254 253 -0.0000004958927859
269 253 0.0082961277176300
270 253 -0.0000066961971030
237 254 -0.0000071593687818
238 254 -0.0000000055109380
253 254 -0.0000004958927859
254 254 0.0000000142142662
269 254 0.0000066630433742
270 254 -0.0000000051552989
239 255 0.0000208530745102
240 255 0.0000000168344506
255 255 0.0001246390660380
256 255 0.0000000012469963
271 255 0.0000222912175799
272 255 -0.0000000179033047
239 256 -0.0000000167453795
240 256 -0.0000000000129585
255 256 0.0000000012469963
256 256 0.0000000000357476
271 256 0.0000000179923758
272 256 -0.0000000000138522
242 257 0.0044418009871300
257 257 0.0344137185195000
258 257 0.0041641884254400
242 258 -0.0021514973531400
257 258 0.0041641884254400
258 258 0.0166689946760000
273 258 0.0041644797843300
274 258 -0.0020209975424000
243 259 0.0082961277176300
244 259 0.0000066630433742
259 259 0.0464432653880000
260 259 -0.0000004357991504
275 259 0.0077931999195300
276 259 -0.0000062893198247
243 260 -0.0000066961971030
244 260 -0.0000000051552989
259 260 -0.0000004357991504
260 260 0.0000000133246944
275 260 0.0000062600638738
276 260 -0.0000000048427832
246 261 0.0000111855572085
248 261 0.0000027928772468
261 261 0.0000924672729239
262 261 0.0000119312610224
263 261 0.0000230857431178
264 261 0.0000029785516065
246 262 -0.0000057792045577
248 262 -0.0000014428572133
261 262 0.0000119312610224
262 262 0.0000477250440897
263 262 0.0000029785516065
264 262 0.0000119141712741
277 262 0.0000119312610224
278 262 -0.0000061520564647
279 262 0.0000029785519044
280 262 -0.0000015356695188
246 263 0.0000027928772468
248 263 0.0044424983295300
261 263 0.0000230857431178
262 263 0.0000029785516065
263 263 0.0344194821970000
264 263 0.0041649319989500
246 264 -0.0000014428572133
248 264 -0.0021518575821200
261 264 0.0000029785516065
262 264 0.0000119141712741
263 264 0.0041649319989500
264 264 0.0166719689525000
277 264 0.0000029785519044
278 264 -0.0000015356695188
279 264 0.0041652233579900
280 264 -0.0020213808745200
250 265 0.0044418009871300
265 265 0.0344137185195000
266 265 0.0041641884254400
250 266 -0.0021514973531400
265 266 0.0041641884254400
266 266 0.0166689946760000
281 266 0.0041644797843300
282 266 -0.0020209975424000
252 267 0.0000111855572085
267 267 0.0000924672729239
268 267 0.0000119312610224
252 268 -0.0000057792045577
267 268 0.0000119312610224
268 268 0.0000477250440897
283 268 0.0000119312610224
284 268 -0.0000061520564647
253 269 0.0082961277176300
254 269 0.0000066630433742
269 269 0.0464432653880000
270 269 -0.0000004357991504
285 269 0.0077931999195300
286 269 -0.0000062893198247
253 270 -0.0000066961971030
254 270 -0.0000000051552989
269 270 -0.0000004357991504
270 270 0.0000000133246944
285 270 0.0000062600638738
286 270 -0.0000000048427832
255 271 0.0000222912175799
256 271 0.0000000179923758
271 271 0.0001329483371070
272 271 0.0000000012469963
