1050 1050 26198
1 1 198024.7584783000056632
2 1 0.0000000018655328
3 1 78518.4732449800067116
4 1 -0.0000000000008008
5 1 -0.0799999985862200
6 1 0.0000000000008016
97 1 39012.2602994900007616
98 1 0.0000000003711372
99 1 1481.4399668900000506
100 1 -0.0000000000008008
101 1 -0.0799999985862200
102 1 -0.0000000000006897
481 1 -118024.6798921000008704
482 1 -0.0000000016742491
483 1 -1481.4399668900000506
484 1 0.0000000000006897
485 1 0.0000000000000000
486 1 0.0000000000008016
487 1 -119012.3388856999954442
488 1 -0.0000000016940259
489 1 -78518.4732449800067116
490 1 0.0000000000006897
491 1 0.0000000000000000
492 1 -0.0000000000006897
1 2 0.0000000018655328
2 2 339.7530450599999767
3 2 0.0000000007409706
4 2 84.9382623266100012
5 2 0.0000000000008008
6 2 -84.9382659095099939
97 2 0.0000000003711372
98 2 -316.0493474267000238
99 2 0.0000000000139802
100 2 84.9382623266100012
101 2 0.0000000000008008
102 2 73.0864162966399959
481 2 -0.0000000011092953
482 2 -316.0493410570999799
483 2 -0.0000000000139802
484 2 -73.0864103251399939
485 2 -0.0000000000010386
486 2 -84.9382659095099939
487 2 -0.0000000011272615
488 2 292.3456434236999826
489 2 -0.0000000007409706
490 2 -73.0864103251399939
491 2 -0.0000000000010386
492 2 73.0864162966399959
1 3 78518.4732449800067116
2 3 0.0000000007409706
3 3 198024.7743360000022221
4 3 -0.0000000000000008
5 3 0.0799999932118600
97 3 -1481.4399668900000506
98 3 -0.0000000000139802
99 3 -118024.7064985000033630
481 3 1481.4399668900000506
482 3 0.0000000000210525
483 3 39012.2762898700020742
484 3 -0.0000000000000011
485 3 0.0799999932118600
487 3 -78518.4732449800067116
488 3 -0.0000000011158146
489 3 -119012.3441274000069825
1 4 -0.0000000000008008
2 4 84.9382623266100012
3 4 -0.0000000000000008
4 4 44.5637812326700029
5 4 0.0000000000004190
6 4 -0.6543209144577000
97 4 0.0000000000008008
98 4 -84.9382623266100012
100 4 41.0411476294399975
101 4 0.0000000000003873
102 4 0.0123456658388300
481 4 0.0000000000010386
482 4 -73.0864103251399939
483 4 0.0000000000000008
484 4 -36.6625465650299986
485 4 -0.0000000000005210
486 4 -0.0123456658388300
487 4 -0.0000000000010386
488 4 73.0864103251399939
490 4 -37.0905302956199989
491 4 -0.0000000000005271
492 4 0.6543209144577000
1 5 -0.0799999985862200
2 5 0.0000000000008008
3 5 0.0799999932118600
4 5 0.0000000000004190
5 5 0.1599999971724000
6 5 -0.0000000000000062
97 5 0.0799999985862200
98 5 -0.0000000000008008
100 5 0.0000000000003873
101 5 0.0000000000000000
102 5 0.0000000000000001
481 5 0.0000000000000000
482 5 -0.0000000000006897
483 5 -0.0799999932118600
484 5 -0.0000000000003460
485 5 -0.0000000000000000
486 5 -0.0000000000000001
487 5 -0.0000000000000000
488 5 0.0000000000006897
490 5 -0.0000000000003500
491 5 -0.0000000000000000
492 5 0.0000000000000062
1 6 0.0000000000008016
2 6 -84.9382659095099939
4 6 -0.6543209144577000
5 6 -0.0000000000000062
6 6 44.5637858047499975
97 6 -0.0000000000006897
98 6 73.0864162966399959
100 6 -0.0123456658388300
101 6 -0.0000000000000001
102 6 -36.6625521986999985
481 6 -0.0000000000012070
482 6 84.9382659095099939
484 6 0.0123456658388300
485 6 0.0000000000000002
486 6 41.0411524359500035
487 6 0.0000000000010386
488 6 -73.0864162966399959
490 6 0.6543209144577000
491 6 0.0000000000000093
492 6 -37.0905356329299991
7 7 198024.7664070999890100
9 7 78518.4732449800067116
11 7 -0.0799999932118600
103 7 39012.2682946799977799
105 7 1481.4399668900000506
107 7 -0.0799999932118600
493 7 -118024.6931953000021167
495 7 -1481.4399668900000506
499 7 -119012.3415065000008326
501 7 -78518.4732449800067116
8 8 339.7530678844000249
10 8 84.9382669711099965
12 8 -84.9382669711099965
104 8 -316.0493654739000249
106 8 84.9382669711099965
108 8 73.0864157658400018
494 8 -316.0493654739000249
496 8 -73.0864157658400018
498 8 -84.9382669711099965
500 8 292.3456630634000248
502 8 -73.0864157658400018
504 8 73.0864157658400018
7 9 78518.4732449800067116
9 9 198024.7664070999890100
11 9 0.0799999932118600
103 9 -1481.4399668900000506
105 9 -118024.6931953000021167
493 9 1481.4399668900000506
495 9 39012.2682946799977799
497 9 0.0799999932118600
499 9 -78518.4732449800067116
501 9 -119012.3415065000008326
8 10 84.9382669711099965
10 10 44.5637835187099967
12 10 -0.6543209144577000
104 10 -84.9382669711099965
106 10 41.0411500327000027
108 10 0.0123456658388300
494 10 -73.0864157658400018
496 10 -36.6625493818600035
498 10 -0.0123456658388300
500 10 73.0864157658400018
502 10 -37.0905329642699968
504 10 0.6543209144577000
7 11 -0.0799999932118600
9 11 0.0799999932118600
11 11 0.1599999864237000
103 11 0.0799999932118600
495 11 -0.0799999932118600
8 12 -84.9382669711099965
10 12 -0.6543209144577000
12 12 44.5637835187099967
104 12 73.0864157658400018
106 12 -0.0123456658388300
108 12 -36.6625493818600035
494 12 84.9382669711099965
496 12 0.0123456658388300
498 12 41.0411500327000027
500 12 -73.0864157658400018
502 12 0.6543209144577000
504 12 -37.0905329642699968
13 13 198024.7584783000056632
14 13 0.0111090665261800
15 13 78518.4732449800067116
16 13 -0.0000047686777226
17 13 -0.0799999985864800
18 13 0.0000047731735876
109 13 39012.2602994900007616
110 13 0.0022100857233570
111 13 1481.4399668900000506
112 13 -0.0000047686777226
113 13 -0.0799999985864800
114 13 -0.0000041071494473
505 13 -118024.6798921000008704
506 13 -0.0099309761335820
507 13 -1481.4399668900000506
508 13 0.0000041071491117
509 13 0.0000000000003462
510 13 0.0000047731735876
511 13 -119012.3388856999954442
512 13 -0.0100484188043000
513 13 -78518.4732449800067116
514 13 0.0000041071491117
515 13 0.0000000000003462
516 13 -0.0000041071494473
13 14 0.0111090665261800
14 14 339.7530450607000034
15 14 0.0044124082193320
16 14 84.9382623266100012
17 14 0.0000047686777226
18 14 -84.9382659095099939
109 14 0.0022100857233570
110 14 -316.0493474265999794
111 14 0.0000832507003283
112 14 84.9382623266100012
113 14 0.0000047686777226
114 14 73.0864162966399959
505 14 -0.0066058500386250
506 14 -316.0493410575999746
507 14 -0.0000832507003283
508 14 -73.0864103251399939
509 14 -0.0000061607238339
510 14 -84.9382659095099939
511 14 -0.0067126361867600
512 14 292.3456434231999879
513 14 -0.0044124082193320
514 14 -73.0864103251399939
515 14 -0.0000061607238339
516 14 73.0864162966399959
13 15 78518.4732449800067116
14 15 0.0044124082193320
15 15 198024.7743360000022221
16 15 -0.0000000044956634
17 15 0.0799999932118600
109 15 -1481.4399668900000506
110 15 -0.0000832507003283
111 15 -118024.7064985000033630
505 15 1481.4399668900000506
506 15 0.0001248760538641
507 15 39012.2762898700020742
508 15 -0.0000000067434953
509 15 0.0799999932118600
511 15 -78518.4732449800067116
512 15 -0.0066186125077030
513 15 -119012.3441274000069825
13 16 -0.0000047686777226
14 16 84.9382623266100012
15 16 -0.0000000044956634
16 16 44.5637812326700029
17 16 0.0000024953058968
18 16 -0.6543209144577000
109 16 0.0000047686777226
110 16 -84.9382623266100012
112 16 41.0411476294399975
113 16 0.0000023063400197
114 16 0.0123456658388200
505 16 0.0000061607238339
506 16 -73.0864103251399939
507 16 0.0000000044956634
508 16 -36.6625465650299986
509 16 -0.0000030904216451
510 16 -0.0123456658388200
511 16 -0.0000061607238339
512 16 73.0864103251399939
514 16 -37.0905302956199989
515 16 -0.0000031264979767
516 16 0.6543209144577000
13 17 -0.0799999985864800
14 17 0.0000047686777226
15 17 0.0799999932118600
16 17 0.0000024953058968
17 17 0.1599999971726000
18 17 -0.0000000367700856
109 17 0.0799999985864800
110 17 -0.0000047686777226
112 17 0.0000023063400197
113 17 0.0000000000001296
114 17 0.0000000006937745
505 17 0.0000000000003462
506 17 -0.0000041071491117
507 17 -0.0799999932118600
508 17 -0.0000020602810411
509 17 -0.0000000000001737
510 17 -0.0000000006937745
511 17 -0.0000000000003462
512 17 0.0000041071491117
514 17 -0.0000020843319282
515 17 -0.0000000000001757
516 17 0.0000000367700856
13 18 0.0000047731735876
14 18 -84.9382659095099939
16 18 -0.6543209144577000
17 18 -0.0000000367700856
18 18 44.5637858047499975
109 18 -0.0000041071494473
110 18 73.0864162966399959
112 18 -0.0123456658388300
113 18 -0.0000000006937745
114 18 -36.6625521986999985
505 18 -0.0000071597605748
506 18 84.9382659095099939
508 18 0.0123456658388300
509 18 0.0000000010406618
510 18 41.0411524359500035
511 18 0.0000061607243373
512 18 -73.0864162966399959
514 18 0.6543209144577000
515 18 0.0000000551551299
516 18 -37.0905356329299991
19 19 198024.7664070999890100
21 19 78518.4732449800067116
23 19 -0.0799999932118600
115 19 39012.2682946799977799
117 19 1481.4399668900000506
119 19 -0.0799999932118600
517 19 -118024.6931953000021167
519 19 -1481.4399668900000506
523 19 -119012.3415065000008326
525 19 -78518.4732449800067116
20 20 339.7530678844000249
22 20 84.9382669711099965
24 20 -84.9382669711099965
116 20 -316.0493654739000249
118 20 84.9382669711099965
120 20 73.0864157658400018
518 20 -316.0493654739000249
520 20 -73.0864157658400018
522 20 -84.9382669711099965
524 20 292.3456630634000248
526 20 -73.0864157658400018
528 20 73.0864157658400018
19 21 78518.4732449800067116
21 21 198024.7664070999890100
23 21 0.0799999932118600
115 21 -1481.4399668900000506
117 21 -118024.6931953000021167
517 21 1481.4399668900000506
519 21 39012.2682946799977799
521 21 0.0799999932118600
523 21 -78518.4732449800067116
525 21 -119012.3415065000008326
20 22 84.9382669711099965
22 22 44.5637835187099967
24 22 -0.6543209144577000
116 22 -84.9382669711099965
118 22 41.0411500327000027
120 22 0.0123456658388300
518 22 -73.0864157658400018
520 22 -36.6625493818600035
522 22 -0.0123456658388300
524 22 73.0864157658400018
526 22 -37.0905329642699968
528 22 0.6543209144577000
19 23 -0.0799999932118600
21 23 0.0799999932118600
23 23 0.1599999864237000
115 23 0.0799999932118600
519 23 -0.0799999932118600
20 24 -84.9382669711099965
22 24 -0.6543209144577000
24 24 44.5637835187099967
116 24 73.0864157658400018
118 24 -0.0123456658388300
120 24 -36.6625493818600035
518 24 84.9382669711099965
520 24 0.0123456658388300
522 24 41.0411500327000027
524 24 -73.0864157658400018
526 24 0.6543209144577000
528 24 -37.0905329642699968
25 25 198024.7584783000056632
27 25 78518.4732449800067116
29 25 -0.0799999985862100
121 25 39012.2602994900007616
123 25 1481.4399668900000506
125 25 -0.0799999985862100
529 25 -118024.6798921000008704
531 25 -1481.4399668900000506
535 25 -119012.3388856999954442
537 25 -78518.4732449800067116
26 26 339.7530450599999767
28 26 84.9382623266100012
30 26 -84.9382659095099939
122 26 -316.0493474267000238
124 26 84.9382623266100012
126 26 73.0864162966399959
530 26 -316.0493410570999799
532 26 -73.0864103251399939
534 26 -84.9382659095099939
536 26 292.3456434236999826
538 26 -73.0864103251399939
540 26 73.0864162966399959
25 27 78518.4732449800067116
27 27 198024.7743360000022221
29 27 0.0799999932118600
121 27 -1481.4399668900000506
123 27 -118024.7064985000033630
529 27 1481.4399668900000506
531 27 39012.2762898700020742
533 27 0.0799999932118600
535 27 -78518.4732449800067116
537 27 -119012.3441274000069825
26 28 84.9382623266100012
28 28 44.5637812326700029
30 28 -0.6543209144577000
122 28 -84.9382623266100012
124 28 41.0411476294399975
126 28 0.0123456658388300
530 28 -73.0864103251399939
532 28 -36.6625465650299986
534 28 -0.0123456658388300
536 28 73.0864103251399939
538 28 -37.0905302956199989
540 28 0.6543209144577000
25 29 -0.0799999985862100
27 29 0.0799999932118600
29 29 0.1599999971724000
121 29 0.0799999985862100
531 29 -0.0799999932118600
26 30 -84.9382659095099939
28 30 -0.6543209144577000
30 30 44.5637858047499975
122 30 73.0864162966399959
124 30 -0.0123456658388300
126 30 -36.6625521986999985
530 30 84.9382659095099939
532 30 0.0123456658388300
534 30 41.0411524359500035
536 30 -73.0864162966399959
538 30 0.6543209144577000
540 30 -37.0905356329299991
31 31 198024.7664070999890100
33 31 78518.4732449800067116
35 31 -0.0799999932118600
127 31 39012.2682946799977799
129 31 1481.4399668900000506
131 31 -0.0799999932118600
541 31 -118024.6931953000021167
543 31 -1481.4399668900000506
547 31 -119012.3415065000008326
549 31 -78518.4732449800067116
32 32 339.7530678844000249
34 32 84.9382669711099965
36 32 -84.9382669711099965
128 32 -316.0493654739000249
130 32 84.9382669711099965
132 32 73.0864157658400018
542 32 -316.0493654739000249
544 32 -73.0864157658400018
546 32 -84.9382669711099965
548 32 292.3456630634000248
550 32 -73.0864157658400018
552 32 73.0864157658400018
31 33 78518.4732449800067116
33 33 198024.7664070999890100
35 33 0.0799999932118600
127 33 -1481.4399668900000506
129 33 -118024.6931953000021167
541 33 1481.4399668900000506
543 33 39012.2682946799977799
545 33 0.0799999932118600
547 33 -78518.4732449800067116
549 33 -119012.3415065000008326
32 34 84.9382669711099965
34 34 44.5637835187099967
36 34 -0.6543209144577000
128 34 -84.9382669711099965
130 34 41.0411500327000027
132 34 0.0123456658388300
542 34 -73.0864157658400018
544 34 -36.6625493818600035
546 34 -0.0123456658388300
548 34 73.0864157658400018
550 34 -37.0905329642699968
552 34 0.6543209144577000
31 35 -0.0799999932118600
33 35 0.0799999932118600
35 35 0.1599999864237000
127 35 0.0799999932118600
543 35 -0.0799999932118600
32 36 -84.9382669711099965
34 36 -0.6543209144577000
36 36 44.5637835187099967
128 36 73.0864157658400018
130 36 -0.0123456658388300
132 36 -36.6625493818600035
542 36 84.9382669711099965
544 36 0.0123456658388300
546 36 41.0411500327000027
548 36 -73.0864157658400018
550 36 0.6543209144577000
552 36 -37.0905329642699968
37 37 198024.7684270000027027
38 37 0.0055545340027190
39 37 78518.4732449800067116
40 37 -0.0000023843392231
41 37 -0.0799999918427900
42 37 0.0000023865870293
133 37 39012.2703314899990801
134 37 0.0011050432358850
135 37 1481.4399668900000506
136 37 -0.0000023843392231
137 37 -0.0799999918427900
138 37 -0.0000020535748753
553 37 -118024.6965843000070890
554 37 -0.0049654889849240
555 37 -1481.4399668900000506
556 37 0.0000020535749181
557 37 0.0000000000000866
558 37 0.0000023865870293
559 37 -119012.3421742000064114
560 37 -0.0050242097601390
561 37 -78518.4732449800067116
562 37 0.0000020535749181
563 37 0.0000000000000866
564 37 -0.0000020535748753
37 38 0.0055545340027190
38 38 339.7530736992000016
39 38 0.0022062042927290
40 38 84.9382681543199993
41 38 0.0000023843392231
42 38 -84.9382672415599984
133 38 0.0011050432358850
134 38 -316.0493700714999932
135 38 0.0000416253536181
136 38 84.9382681543199993
137 38 0.0000023843392231
138 38 73.0864156306199959
553 38 -0.0033029257616300
554 38 -316.0493716943000209
555 38 -0.0000416253536181
556 38 -73.0864171518799992
557 38 -0.0000030803623386
558 38 -84.9382672415599984
559 38 -0.0033563184648270
560 38 292.3456680665000249
561 38 -0.0022062042927290
562 38 -73.0864171518799992
563 38 -0.0000030803623386
564 38 73.0864156306199959
37 39 78518.4732449800067116
38 39 0.0022062042927290
39 39 198024.7643872000044212
40 39 -0.0000000022478319
41 39 0.0799999932118600
133 39 -1481.4399668900000506
134 39 -0.0000416253536181
135 39 -118024.6898061999963829
553 39 1481.4399668900000506
554 39 0.0000624380296458
555 39 39012.2662578699964797
556 39 -0.0000000033717478
557 39 0.0799999932118600
559 39 -78518.4732449800067116
560 39 -0.0033093063976870
561 39 -119012.3408388999960152
37 40 -0.0000023843392231
38 40 84.9382681543199993
39 40 -0.0000000022478319
40 40 44.5637841010900004
41 40 0.0000012476531329
42 40 -0.6543209144577000
133 40 0.0000023843392231
134 40 -84.9382681543199993
136 40 41.0411506449399965
137 40 0.0000011531701903
138 40 0.0123456658388300
553 40 0.0000030803623386
554 40 -73.0864171518799992
555 40 0.0000000022478319
556 40 -36.6625500994599989
557 40 -0.0000015452110387
558 40 -0.0123456658388300
559 40 -0.0000030803623386
560 40 73.0864171518799992
562 40 -37.0905336441299980
563 40 -0.0000015632491974
564 40 0.6543209144577000
37 41 -0.0799999918427900
38 41 0.0000023843392231
39 41 0.0799999932118600
40 41 0.0000012476531329
41 41 0.1599999836855000
42 41 -0.0000000183850443
133 41 0.0799999918427900
134 41 -0.0000023843392231
136 41 0.0000011531701903
137 41 0.0000000000000324
138 41 0.0000000003468873
553 41 0.0000000000000866
554 41 -0.0000020535749181
555 41 -0.0799999932118600
556 41 -0.0000010301407054
557 41 -0.0000000000000434
558 41 -0.0000000003468873
559 41 -0.0000000000000866
560 41 0.0000020535749181
562 41 -0.0000010421661446
563 41 -0.0000000000000439
564 41 0.0000000183850443
37 42 0.0000023865870293
38 42 -84.9382672415599984
40 42 -0.6543209144577000
41 42 -0.0000000183850443
42 42 44.5637829363300000
133 42 -0.0000020535748753
134 42 73.0864156306199959
136 42 -0.0123456658388300
137 42 -0.0000000003468873
138 42 -36.6625486642600009
553 42 -0.0000035798804991
554 42 84.9382672415599984
556 42 0.0123456658388300
557 42 0.0000000005203309
558 42 41.0411494204600018
559 42 0.0000030803622744
560 42 -73.0864156306199959
562 42 0.6543209144577000
563 42 0.0000000275775661
564 42 -37.0905322844200001
43 43 198024.7664070999890100
45 43 78518.4732449800067116
47 43 -0.0799999932118600
139 43 39012.2682946799977799
141 43 1481.4399668900000506
143 43 -0.0799999932118600
565 43 -118024.6931953000021167
567 43 -1481.4399668900000506
571 43 -119012.3415065000008326
573 43 -78518.4732449800067116
44 44 339.7530678844000249
46 44 84.9382669711099965
48 44 -84.9382669711099965
140 44 -316.0493654739000249
142 44 84.9382669711099965
144 44 73.0864157658400018
566 44 -316.0493654739000249
568 44 -73.0864157658400018
570 44 -84.9382669711099965
572 44 292.3456630634000248
574 44 -73.0864157658400018
576 44 73.0864157658400018
43 45 78518.4732449800067116
45 45 198024.7664070999890100
47 45 0.0799999932118600
139 45 -1481.4399668900000506
141 45 -118024.6931953000021167
565 45 1481.4399668900000506
567 45 39012.2682946799977799
569 45 0.0799999932118600
571 45 -78518.4732449800067116
573 45 -119012.3415065000008326
44 46 84.9382669711099965
46 46 44.5637835187099967
48 46 -0.6543209144577000
140 46 -84.9382669711099965
142 46 41.0411500327000027
144 46 0.0123456658388300
566 46 -73.0864157658400018
568 46 -36.6625493818600035
570 46 -0.0123456658388300
572 46 73.0864157658400018
574 46 -37.0905329642699968
576 46 0.6543209144577000
43 47 -0.0799999932118600
45 47 0.0799999932118600
47 47 0.1599999864237000
139 47 0.0799999932118600
567 47 -0.0799999932118600
44 48 -84.9382669711099965
46 48 -0.6543209144577000
48 48 44.5637835187099967
140 48 73.0864157658400018
142 48 -0.0123456658388300
144 48 -36.6625493818600035
566 48 84.9382669711099965
568 48 0.0123456658388300
570 48 41.0411500327000027
572 48 -73.0864157658400018
574 48 0.6543209144577000
576 48 -37.0905329642699968
49 49 198024.7584783000056632
50 49 0.0000000018655328
51 49 -78518.4732449800067116
52 49 0.0000000000008008
53 49 0.0799999985862200
54 49 0.0000000000008016
145 49 -118024.6798921000008704
146 49 -0.0000000016742491
147 49 1481.4399668900000506
148 49 -0.0000000000006897
149 49 -0.0000000000000000
150 49 0.0000000000008016
577 49 39012.2602994900007616
578 49 0.0000000003711372
579 49 -1481.4399668900000506
580 49 0.0000000000008008
581 49 0.0799999985862200
582 49 -0.0000000000006897
583 49 -119012.3388856999954442
584 49 -0.0000000016940259
585 49 78518.4732449800067116
586 49 -0.0000000000006897
587 49 -0.0000000000000000
588 49 -0.0000000000006897
49 50 0.0000000018655328
50 50 339.7530450599999767
51 50 -0.0000000007409706
52 50 -84.9382623266100012
53 50 -0.0000000000008008
54 50 -84.9382659095099939
145 50 -0.0000000011092953
146 50 -316.0493410570999799
147 50 0.0000000000139802
148 50 73.0864103251399939
149 50 0.0000000000010386
150 50 -84.9382659095099939
577 50 0.0000000003711372
578 50 -316.0493474267000238
579 50 -0.0000000000139802
580 50 -84.9382623266100012
581 50 -0.0000000000008008
582 50 73.0864162966399959
583 50 -0.0000000011272615
584 50 292.3456434236999826
585 50 0.0000000007409706
586 50 73.0864103251399939
587 50 0.0000000000010386
588 50 73.0864162966399959
49 51 -78518.4732449800067116
50 51 -0.0000000007409706
51 51 198024.7743360000022221
52 51 -0.0000000000000008
53 51 0.0799999932118600
145 51 -1481.4399668900000506
146 51 -0.0000000000210525
147 51 39012.2762898700020742
148 51 -0.0000000000000011
149 51 0.0799999932118600
577 51 1481.4399668900000506
578 51 0.0000000000139802
579 51 -118024.7064985000033630
583 51 78518.4732449800067116
584 51 0.0000000011158146
585 51 -119012.3441274000069825
49 52 0.0000000000008008
50 52 -84.9382623266100012
51 52 -0.0000000000000008
52 52 44.5637812326700029
53 52 0.0000000000004190
54 52 0.6543209144577000
145 52 -0.0000000000010386
146 52 73.0864103251399939
147 52 0.0000000000000008
148 52 -36.6625465650299986
149 52 -0.0000000000005210
150 52 0.0123456658388300
577 52 -0.0000000000008008
578 52 84.9382623266100012
580 52 41.0411476294399975
581 52 0.0000000000003873
582 52 -0.0123456658388300
583 52 0.0000000000010386
584 52 -73.0864103251399939
586 52 -37.0905302956199989
587 52 -0.0000000000005271
588 52 -0.6543209144577000
49 53 0.0799999985862200
50 53 -0.0000000000008008
51 53 0.0799999932118600
52 53 0.0000000000004190
53 53 0.1599999971724000
54 53 0.0000000000000062
145 53 -0.0000000000000000
146 53 0.0000000000006897
147 53 -0.0799999932118600
148 53 -0.0000000000003460
149 53 -0.0000000000000000
150 53 0.0000000000000001
577 53 -0.0799999985862200
578 53 0.0000000000008008
580 53 0.0000000000003873
581 53 0.0000000000000000
582 53 -0.0000000000000001
583 53 0.0000000000000000
584 53 -0.0000000000006897
586 53 -0.0000000000003500
587 53 -0.0000000000000000
588 53 -0.0000000000000062
49 54 0.0000000000008016
50 54 -84.9382659095099939
52 54 0.6543209144577000
53 54 0.0000000000000062
54 54 44.5637858047499975
145 54 -0.0000000000012070
146 54 84.9382659095099939
148 54 -0.0123456658388300
149 54 -0.0000000000000002
150 54 41.0411524359500035
577 54 -0.0000000000006897
578 54 73.0864162966399959
580 54 0.0123456658388300
581 54 0.0000000000000001
582 54 -36.6625521986999985
583 54 0.0000000000010386
584 54 -73.0864162966399959
586 54 -0.6543209144577000
587 54 -0.0000000000000093
588 54 -37.0905356329299991
55 55 198024.7664070999890100
57 55 -78518.4732449800067116
59 55 0.0799999932118600
151 55 -118024.6931953000021167
153 55 1481.4399668900000506
589 55 39012.2682946799977799
591 55 -1481.4399668900000506
593 55 0.0799999932118600
595 55 -119012.3415065000008326
597 55 78518.4732449800067116
56 56 339.7530678844000249
58 56 -84.9382669711099965
60 56 -84.9382669711099965
152 56 -316.0493654739000249
154 56 73.0864157658400018
156 56 -84.9382669711099965
590 56 -316.0493654739000249
592 56 -84.9382669711099965
594 56 73.0864157658400018
596 56 292.3456630634000248
598 56 73.0864157658400018
600 56 73.0864157658400018
55 57 -78518.4732449800067116
57 57 198024.7664070999890100
59 57 0.0799999932118600
151 57 -1481.4399668900000506
153 57 39012.2682946799977799
155 57 0.0799999932118600
589 57 1481.4399668900000506
591 57 -118024.6931953000021167
595 57 78518.4732449800067116
597 57 -119012.3415065000008326
56 58 -84.9382669711099965
58 58 44.5637835187099967
60 58 0.6543209144577000
152 58 73.0864157658400018
154 58 -36.6625493818600035
156 58 0.0123456658388300
590 58 84.9382669711099965
592 58 41.0411500327000027
594 58 -0.0123456658388300
596 58 -73.0864157658400018
598 58 -37.0905329642699968
600 58 -0.6543209144577000
55 59 0.0799999932118600
57 59 0.0799999932118600
59 59 0.1599999864237000
153 59 -0.0799999932118600
589 59 -0.0799999932118600
56 60 -84.9382669711099965
58 60 0.6543209144577000
60 60 44.5637835187099967
152 60 84.9382669711099965
154 60 -0.0123456658388300
156 60 41.0411500327000027
590 60 73.0864157658400018
592 60 0.0123456658388300
594 60 -36.6625493818600035
596 60 -73.0864157658400018
598 60 -0.6543209144577000
600 60 -37.0905329642699968
61 61 198024.7584783000056632
62 61 0.0111090665261800
63 61 -78518.4732449800067116
64 61 0.0000047686777226
65 61 0.0799999985864800
66 61 0.0000047731735876
157 61 -118024.6798921000008704
158 61 -0.0099309761335820
159 61 1481.4399668900000506
160 61 -0.0000041071491117
161 61 -0.0000000000003462
162 61 0.0000047731735876
601 61 39012.2602994900007616
602 61 0.0022100857233570
603 61 -1481.4399668900000506
604 61 0.0000047686777226
605 61 0.0799999985864800
606 61 -0.0000041071494473
607 61 -119012.3388856999954442
608 61 -0.0100484188043000
609 61 78518.4732449800067116
610 61 -0.0000041071491117
611 61 -0.0000000000003462
612 61 -0.0000041071494473
61 62 0.0111090665261800
62 62 339.7530450607000034
63 62 -0.0044124082193320
64 62 -84.9382623266100012
65 62 -0.0000047686777226
66 62 -84.9382659095099939
157 62 -0.0066058500386250
158 62 -316.0493410575999746
159 62 0.0000832507003283
160 62 73.0864103251399939
161 62 0.0000061607238339
162 62 -84.9382659095099939
601 62 0.0022100857233570
602 62 -316.0493474265999794
603 62 -0.0000832507003283
604 62 -84.9382623266100012
605 62 -0.0000047686777226
606 62 73.0864162966399959
607 62 -0.0067126361867600
608 62 292.3456434231999879
609 62 0.0044124082193320
610 62 73.0864103251399939
611 62 0.0000061607238339
612 62 73.0864162966399959
61 63 -78518.4732449800067116
62 63 -0.0044124082193320
63 63 198024.7743360000022221
64 63 -0.0000000044956634
65 63 0.0799999932118600
157 63 -1481.4399668900000506
158 63 -0.0001248760538641
159 63 39012.2762898700020742
160 63 -0.0000000067434953
161 63 0.0799999932118600
601 63 1481.4399668900000506
602 63 0.0000832507003283
603 63 -118024.7064985000033630
607 63 78518.4732449800067116
608 63 0.0066186125077030
609 63 -119012.3441274000069825
61 64 0.0000047686777226
62 64 -84.9382623266100012
63 64 -0.0000000044956634
64 64 44.5637812326700029
65 64 0.0000024953058968
66 64 0.6543209144577000
157 64 -0.0000061607238339
158 64 73.0864103251399939
159 64 0.0000000044956634
160 64 -36.6625465650299986
161 64 -0.0000030904216451
162 64 0.0123456658388300
601 64 -0.0000047686777226
602 64 84.9382623266100012
604 64 41.0411476294399975
605 64 0.0000023063400197
606 64 -0.0123456658388300
607 64 0.0000061607238339
608 64 -73.0864103251399939
610 64 -37.0905302956199989
611 64 -0.0000031264979767
612 64 -0.6543209144577000
61 65 0.0799999985864800
62 65 -0.0000047686777226
63 65 0.0799999932118600
64 65 0.0000024953058968
65 65 0.1599999971726000
66 65 0.0000000367700856
157 65 -0.0000000000003462
158 65 0.0000041071491117
159 65 -0.0799999932118600
160 65 -0.0000020602810411
161 65 -0.0000000000001737
162 65 0.0000000006937745
601 65 -0.0799999985864800
602 65 0.0000047686777226
604 65 0.0000023063400197
605 65 0.0000000000001296
606 65 -0.0000000006937745
607 65 0.0000000000003462
608 65 -0.0000041071491117
610 65 -0.0000020843319282
611 65 -0.0000000000001757
612 65 -0.0000000367700856
61 66 0.0000047731735876
62 66 -84.9382659095099939
64 66 0.6543209144577000
65 66 0.0000000367700856
66 66 44.5637858047499975
157 66 -0.0000071597605748
158 66 84.9382659095099939
160 66 -0.0123456658388300
161 66 -0.0000000010406618
162 66 41.0411524359500035
601 66 -0.0000041071494473
602 66 73.0864162966399959
604 66 0.0123456658388200
605 66 0.0000000006937745
606 66 -36.6625521986999985
607 66 0.0000061607243373
608 66 -73.0864162966399959
610 66 -0.6543209144577000
611 66 -0.0000000551551299
612 66 -37.0905356329299991
67 67 198024.7664070999890100
69 67 -78518.4732449800067116
71 67 0.0799999932118600
163 67 -118024.6931953000021167
165 67 1481.4399668900000506
613 67 39012.2682946799977799
615 67 -1481.4399668900000506
617 67 0.0799999932118600
619 67 -119012.3415065000008326
621 67 78518.4732449800067116
68 68 339.7530678844000249
70 68 -84.9382669711099965
72 68 -84.9382669711099965
164 68 -316.0493654739000249
166 68 73.0864157658400018
168 68 -84.9382669711099965
614 68 -316.0493654739000249
616 68 -84.9382669711099965
618 68 73.0864157658400018
620 68 292.3456630634000248
622 68 73.0864157658400018
624 68 73.0864157658400018
67 69 -78518.4732449800067116
69 69 198024.7664070999890100
71 69 0.0799999932118600
163 69 -1481.4399668900000506
165 69 39012.2682946799977799
167 69 0.0799999932118600
613 69 1481.4399668900000506
615 69 -118024.6931953000021167
619 69 78518.4732449800067116
621 69 -119012.3415065000008326
68 70 -84.9382669711099965
70 70 44.5637835187099967
72 70 0.6543209144577000
164 70 73.0864157658400018
166 70 -36.6625493818600035
168 70 0.0123456658388300
614 70 84.9382669711099965
616 70 41.0411500327000027
618 70 -0.0123456658388300
620 70 -73.0864157658400018
622 70 -37.0905329642699968
624 70 -0.6543209144577000
67 71 0.0799999932118600
69 71 0.0799999932118600
71 71 0.1599999864237000
165 71 -0.0799999932118600
613 71 -0.0799999932118600
68 72 -84.9382669711099965
70 72 0.6543209144577000
72 72 44.5637835187099967
164 72 84.9382669711099965
166 72 -0.0123456658388300
168 72 41.0411500327000027
614 72 73.0864157658400018
616 72 0.0123456658388300
618 72 -36.6625493818600035
620 72 -73.0864157658400018
622 72 -0.6543209144577000
624 72 -37.0905329642699968
73 73 198024.7584783000056632
75 73 -78518.4732449800067116
77 73 0.0799999985862100
169 73 -118024.6798921000008704
171 73 1481.4399668900000506
625 73 39012.2602994900007616
627 73 -1481.4399668900000506
629 73 0.0799999985862100
631 73 -119012.3388856999954442
633 73 78518.4732449800067116
74 74 339.7530450599999767
76 74 -84.9382623266100012
78 74 -84.9382659095099939
170 74 -316.0493410570999799
172 74 73.0864103251399939
174 74 -84.9382659095099939
626 74 -316.0493474267000238
628 74 -84.9382623266100012
630 74 73.0864162966399959
632 74 292.3456434236999826
634 74 73.0864103251399939
636 74 73.0864162966399959
73 75 -78518.4732449800067116
75 75 198024.7743360000022221
77 75 0.0799999932118600
169 75 -1481.4399668900000506
171 75 39012.2762898700020742
173 75 0.0799999932118600
625 75 1481.4399668900000506
627 75 -118024.7064985000033630
631 75 78518.4732449800067116
633 75 -119012.3441274000069825
74 76 -84.9382623266100012
76 76 44.5637812326700029
78 76 0.6543209144577000
170 76 73.0864103251399939
172 76 -36.6625465650299986
174 76 0.0123456658388300
626 76 84.9382623266100012
628 76 41.0411476294399975
630 76 -0.0123456658388300
632 76 -73.0864103251399939
634 76 -37.0905302956199989
636 76 -0.6543209144577000
73 77 0.0799999985862100
75 77 0.0799999932118600
77 77 0.1599999971724000
171 77 -0.0799999932118600
625 77 -0.0799999985862100
74 78 -84.9382659095099939
76 78 0.6543209144577000
78 78 44.5637858047499975
170 78 84.9382659095099939
172 78 -0.0123456658388300
174 78 41.0411524359500035
626 78 73.0864162966399959
628 78 0.0123456658388300
630 78 -36.6625521986999985
632 78 -73.0864162966399959
634 78 -0.6543209144577000
636 78 -37.0905356329299991
79 79 198024.7664070999890100
81 79 -78518.4732449800067116
83 79 0.0799999932118600
175 79 -118024.6931953000021167
177 79 1481.4399668900000506
637 79 39012.2682946799977799
639 79 -1481.4399668900000506
641 79 0.0799999932118600
643 79 -119012.3415065000008326
645 79 78518.4732449800067116
80 80 339.7530678844000249
82 80 -84.9382669711099965
84 80 -84.9382669711099965
176 80 -316.0493654739000249
178 80 73.0864157658400018
180 80 -84.9382669711099965
638 80 -316.0493654739000249
640 80 -84.9382669711099965
642 80 73.0864157658400018
644 80 292.3456630634000248
646 80 73.0864157658400018
648 80 73.0864157658400018
79 81 -78518.4732449800067116
81 81 198024.7664070999890100
83 81 0.0799999932118600
175 81 -1481.4399668900000506
177 81 39012.2682946799977799
179 81 0.0799999932118600
637 81 1481.4399668900000506
639 81 -118024.6931953000021167
643 81 78518.4732449800067116
645 81 -119012.3415065000008326
80 82 -84.9382669711099965
82 82 44.5637835187099967
84 82 0.6543209144577000
176 82 73.0864157658400018
178 82 -36.6625493818600035
180 82 0.0123456658388300
638 82 84.9382669711099965
640 82 41.0411500327000027
642 82 -0.0123456658388300
644 82 -73.0864157658400018
646 82 -37.0905329642699968
648 82 -0.6543209144577000
79 83 0.0799999932118600
81 83 0.0799999932118600
83 83 0.1599999864237000
177 83 -0.0799999932118600
637 83 -0.0799999932118600
80 84 -84.9382669711099965
82 84 0.6543209144577000
84 84 44.5637835187099967
176 84 84.9382669711099965
178 84 -0.0123456658388300
180 84 41.0411500327000027
638 84 73.0864157658400018
640 84 0.0123456658388300
642 84 -36.6625493818600035
644 84 -73.0864157658400018
646 84 -0.6543209144577000
648 84 -37.0905329642699968
85 85 198024.7684270000027027
86 85 0.0055545340027190
87 85 -78518.4732449800067116
88 85 0.0000023843392231
89 85 0.0799999918427900
90 85 0.0000023865870293
181 85 -118024.6965843000070890
182 85 -0.0049654889849240
183 85 1481.4399668900000506
184 85 -0.0000020535749181
185 85 -0.0000000000000866
186 85 0.0000023865870293
649 85 39012.2703314899990801
650 85 0.0011050432358850
651 85 -1481.4399668900000506
652 85 0.0000023843392231
653 85 0.0799999918427900
654 85 -0.0000020535748753
655 85 -119012.3421742000064114
656 85 -0.0050242097601390
657 85 78518.4732449800067116
658 85 -0.0000020535749181
659 85 -0.0000000000000866
660 85 -0.0000020535748753
85 86 0.0055545340027190
86 86 339.7530736992000016
87 86 -0.0022062042927290
88 86 -84.9382681543199993
89 86 -0.0000023843392231
90 86 -84.9382672415599984
181 86 -0.0033029257616300
182 86 -316.0493716943000209
183 86 0.0000416253536181
184 86 73.0864171518799992
185 86 0.0000030803623386
186 86 -84.9382672415599984
649 86 0.0011050432358850
650 86 -316.0493700714999932
651 86 -0.0000416253536181
652 86 -84.9382681543199993
653 86 -0.0000023843392231
654 86 73.0864156306199959
655 86 -0.0033563184648270
656 86 292.3456680665000249
657 86 0.0022062042927290
658 86 73.0864171518799992
659 86 0.0000030803623386
660 86 73.0864156306199959
85 87 -78518.4732449800067116
86 87 -0.0022062042927290
87 87 198024.7643872000044212
88 87 -0.0000000022478319
89 87 0.0799999932118600
181 87 -1481.4399668900000506
182 87 -0.0000624380296458
183 87 39012.2662578699964797
184 87 -0.0000000033717478
185 87 0.0799999932118600
649 87 1481.4399668900000506
650 87 0.0000416253536181
651 87 -118024.6898061999963829
655 87 78518.4732449800067116
656 87 0.0033093063976870
657 87 -119012.3408388999960152
85 88 0.0000023843392231
86 88 -84.9382681543199993
87 88 -0.0000000022478319
88 88 44.5637841010900004
89 88 0.0000012476531329
90 88 0.6543209144577000
181 88 -0.0000030803623386
182 88 73.0864171518799992
183 88 0.0000000022478319
184 88 -36.6625500994599989
185 88 -0.0000015452110387
186 88 0.0123456658388300
649 88 -0.0000023843392231
650 88 84.9382681543199993
652 88 41.0411506449399965
653 88 0.0000011531701903
654 88 -0.0123456658388300
655 88 0.0000030803623386
656 88 -73.0864171518799992
658 88 -37.0905336441299980
659 88 -0.0000015632491974
660 88 -0.6543209144577000
85 89 0.0799999918427900
86 89 -0.0000023843392231
87 89 0.0799999932118600
88 89 0.0000012476531329
89 89 0.1599999836855000
90 89 0.0000000183850443
181 89 -0.0000000000000866
182 89 0.0000020535749181
183 89 -0.0799999932118600
184 89 -0.0000010301407054
185 89 -0.0000000000000434
186 89 0.0000000003468873
649 89 -0.0799999918427900
650 89 0.0000023843392231
652 89 0.0000011531701903
653 89 0.0000000000000324
654 89 -0.0000000003468873
655 89 0.0000000000000866
656 89 -0.0000020535749181
658 89 -0.0000010421661446
659 89 -0.0000000000000439
660 89 -0.0000000183850443
85 90 0.0000023865870293
86 90 -84.9382672415599984
88 90 0.6543209144577000
89 90 0.0000000183850443
90 90 44.5637829363300000
181 90 -0.0000035798804991
182 90 84.9382672415599984
184 90 -0.0123456658388300
185 90 -0.0000000005203309
186 90 41.0411494204600018
649 90 -0.0000020535748753
650 90 73.0864156306199959
652 90 0.0123456658388300
653 90 0.0000000003468873
654 90 -36.6625486642600009
655 90 0.0000030803622744
656 90 -73.0864156306199959
658 90 -0.6543209144577000
659 90 -0.0000000275775661
660 90 -37.0905322844200001
91 91 198024.7664070999890100
93 91 -78518.4732449800067116
95 91 0.0799999932118600
187 91 -118024.6931953000021167
189 91 1481.4399668900000506
661 91 39012.2682946799977799
663 91 -1481.4399668900000506
665 91 0.0799999932118600
667 91 -119012.3415065000008326
669 91 78518.4732449800067116
92 92 339.7530678844000249
94 92 -84.9382669711099965
96 92 -84.9382669711099965
188 92 -316.0493654739000249
190 92 73.0864157658400018
192 92 -84.9382669711099965
662 92 -316.0493654739000249
664 92 -84.9382669711099965
666 92 73.0864157658400018
668 92 292.3456630634000248
670 92 73.0864157658400018
672 92 73.0864157658400018
91 93 -78518.4732449800067116
93 93 198024.7664070999890100
95 93 0.0799999932118600
187 93 -1481.4399668900000506
189 93 39012.2682946799977799
191 93 0.0799999932118600
661 93 1481.4399668900000506
663 93 -118024.6931953000021167
667 93 78518.4732449800067116
669 93 -119012.3415065000008326
92 94 -84.9382669711099965
94 94 44.5637835187099967
96 94 0.6543209144577000
188 94 73.0864157658400018
190 94 -36.6625493818600035
192 94 0.0123456658388300
662 94 84.9382669711099965
664 94 41.0411500327000027
666 94 -0.0123456658388300
668 94 -73.0864157658400018
670 94 -37.0905329642699968
672 94 -0.6543209144577000
91 95 0.0799999932118600
93 95 0.0799999932118600
95 95 0.1599999864237000
189 95 -0.0799999932118600
661 95 -0.0799999932118600
92 96 -84.9382669711099965
94 96 0.6543209144577000
96 96 44.5637835187099967
188 96 84.9382669711099965
190 96 -0.0123456658388300
192 96 41.0411500327000027
662 96 73.0864157658400018
664 96 0.0123456658388300
666 96 -36.6625493818600035
668 96 -73.0864157658400018
670 96 -0.6543209144577000
672 96 -37.0905329642699968
1 97 39012.2602994900007616
2 97 0.0000000003711372
3 97 -1481.4399668900000506
4 97 0.0000000000008008
5 97 0.0799999985862200
6 97 -0.0000000000006897
97 97 396049.5169566000113264
98 97 0.0000000037310656
102 97 0.0000000000016031
193 97 39012.2602994900007616
194 97 0.0000000003711372
195 97 1481.4399668900000506
196 97 -0.0000000000008008
197 97 -0.0799999985862200
198 97 -0.0000000000006897
385 97 -119012.3388856999954442
386 97 -0.0000000016940259
387 97 -78518.4732449800067116
388 97 0.0000000000006897
389 97 0.0000000000000000
390 97 -0.0000000000006897
481 97 -119012.3388856999954442
482 97 -0.0000000016940259
483 97 78518.4732449800067116
484 97 -0.0000000000006897
485 97 -0.0000000000000000
486 97 -0.0000000000006897
487 97 -236049.3597842000017408
488 97 -0.0000000033484981
492 97 0.0000000000016031
1 98 0.0000000003711372
2 98 -316.0493474267000238
3 98 -0.0000000000139802
4 98 -84.9382623266100012
5 98 -0.0000000000008008
6 98 73.0864162966399959
97 98 0.0000000037310656
98 98 679.5060901200999979
102 98 -169.8765318190000073
193 98 0.0000000003711372
194 98 -316.0493474267000238
195 98 0.0000000000139802
196 98 84.9382623266100012
197 98 0.0000000000008008
198 98 73.0864162966399959
385 98 -0.0000000011272615
386 98 292.3456434236999826
387 98 -0.0000000007409706
388 98 -73.0864103251399939
389 98 -0.0000000000010386
390 98 73.0864162966399959
481 98 -0.0000000011272615
482 98 292.3456434236999826
483 98 0.0000000007409706
484 98 73.0864103251399939
485 98 0.0000000000010386
486 98 73.0864162966399959
487 98 -0.0000000022185905
488 98 -632.0986821141999599
492 98 -169.8765318190000073
1 99 1481.4399668900000506
2 99 0.0000000000139802
3 99 -118024.7064985000033630
99 99 396049.5486719000036828
100 99 -0.0000000000000015
101 99 0.1599999864237000
193 99 -1481.4399668900000506
194 99 -0.0000000000139802
195 99 -118024.7064985000033630
385 99 -78518.4732449800067116
386 99 -0.0000000011158146
387 99 -119012.3441274000069825
481 99 78518.4732449800067116
482 99 0.0000000011158146
483 99 -119012.3441274000069825
487 99 -0.0000000000090949
488 99 -0.0000000000000000
489 99 78024.5525797300069826
490 99 -0.0000000000000023
491 99 0.1599999864237000
1 100 -0.0000000000008008
2 100 84.9382623266100012
4 100 41.0411476294399975
5 100 0.0000000000003873
6 100 -0.0123456658388300
99 100 -0.0000000000000015
100 100 89.1275624653499960
101 100 0.0000000000008381
102 100 -0.0000000000000003
193 100 0.0000000000008008
194 100 -84.9382623266100012
