1919 1919 32399
1 1 0.2447694502589645
2 1 -0.1299637468795579
4 1 -0.1036552548431323
676 1 0.0087052335419863
677 1 0.0086690214170087
678 1 0.0088613409780587
1297 1 -0.0092621072746296
1298 1 -0.0094140656426967
1 2 -0.1299637468795579
2 2 0.3199006223901490
5 2 -0.1714893481388676
676 2 0.0113807466416589
678 2 0.0111566011862985
679 2 0.0111497891534882
1297 2 0.0092621072746296
1298 2 0.0094140656426967
3 3 0.1892171011369816
4 3 -0.0891823929265728
8 3 -0.0903717364600333
677 3 0.0080809073991143
680 3 0.0080433389581200
681 3 0.0082155004555236
1297 3 -0.0076406077487216
1299 3 -0.0076299964486832
1300 3 -0.0078152084905677
1 4 -0.1036552548431323
3 4 -0.0891823929265728
4 4 0.4654676218770041
5 4 -0.1424769313501633
9 4 -0.1266757422989726
676 4 -0.0078597419353073
677 4 0.0019725176568637
678 4 0.0015502525128409
681 4 0.0095276134735552
682 4 0.0097277805444296
1297 4 -0.0022310477913152
1298 4 -0.0096627232326483
1299 4 0.0076299964486832
1300 4 -0.0018122714876740
1301 4 -0.0098312676749892
2 5 -0.1714893481388676
4 5 -0.1424769313501633
5 5 0.6599497076566386
6 5 -0.1483866079898759
10 5 -0.1935566514514569
676 5 -0.0102753971163586
678 5 0.0019828977163756
679 5 0.0019418879055525
682 5 0.0117683340256432
683 5 0.0118213588921364
1297 5 0.0098716555400368
1298 5 -0.0001923388316015
1300 5 0.0096274799782417
1301 5 -0.0001625724496059
1302 5 -0.0099096074528886
5 6 -0.1483866079898759
6 6 0.3407197204459788
11 6 -0.1737544664483992
679 6 0.0112820008319378
683 6 0.0112739074747790
684 6 0.0111542569467590
1298 6 0.0098550620642498
1301 6 0.0099938401245951
1302 6 0.0099096074528886
7 7 0.1507442447906198
8 7 -0.0851498904547364
13 7 -0.0593006768876976
680 7 0.0065422757732683
685 7 0.0065564483921360
1299 7 -0.0074208399133887
1303 7 -0.0074539703823671
1304 7 -0.0074609134101893
3 8 -0.0903717364600333
7 8 -0.0851498904547364
8 8 0.4013708018654258
9 8 -0.1232963398345616
14 8 -0.1006050253616153
677 8 -0.0073003225270038
680 8 0.0012629131300830
681 8 0.0010397759334778
685 8 0.0084559393433733
686 8 0.0086113694495458
1299 8 -0.0016999774911891
1300 8 -0.0089341543633568
1303 8 0.0074539703823671
1304 8 -0.0014458307431345
1305 8 -0.0090681254767137
4 9 -0.1266757422989726
8 9 -0.1232963398345616
9 9 0.5927168996741126
10 9 -0.1730182635089546
15 9 -0.1645038830775034
677 9 -0.0088529639461323
678 9 -0.0086283556008770
681 9 0.0024089709394962
682 9 0.0020228563410075
686 9 0.0107702245966923
687 9 0.0111156680978422
1299 9 0.0091208174045778
1300 9 -0.0018715720794676
1301 9 -0.0105754259781235
1304 9 0.0089067441533238
1305 9 -0.0014737812179010
1306 9 -0.0109091568527886
5 10 -0.1935566514514569
9 10 -0.1730182635089546
10 10 0.8512358255861235
11 10 -0.2107262479533795
16 10 -0.2645539555805440
678 10 -0.0108913635075258
679 10 -0.0108487587776914
682 10 0.0035559380398976
683 10 0.0032147463243611
687 10 0.0136531830791597
688 10 0.0138899090130297
1300 10 0.0108057264428244
1301 10 -0.0011482451856853
1302 10 -0.0118006723891801
1305 10 0.0105419066946147
1306 10 -0.0008813519330740
1307 10 -0.0119755168785051
6 11 -0.1737544664483992
10 11 -0.2107262479533795
11 11 0.8744744671623390
12 11 -0.1653012806459094
17 11 -0.3087123473271317
679 11 -0.0101922025281588
683 11 0.0050596852387831
684 11 0.0057227637281828
688 11 0.0148351377408552
689 11 0.0149132413797650
1301 11 0.0117236711638088
1302 11 0.0014599298854307
1306 11 0.0117905087858626
1307 11 0.0009828580414674
1308 11 -0.0106804234544730
11 12 -0.1653012806459094
12 12 0.4483742429403369
18 12 -0.2559125467827378
684 12 0.0139765363248025
689 12 0.0138280701024249
690 12 0.0134777348872678
1302 12 0.0103407425037495
1307 12 0.0109926588370378
1308 12 0.0106804234544730
7 13 -0.0593006768876976
13 13 0.2010407554283623
14 13 -0.0749692086196317
20 13 -0.0655656551869619
680 13 -0.0059145544714747
685 13 0.0008368142426921
691 13 0.0073295122424490
1303 13 -0.0070093360110379
1304 13 -0.0069404891453176
1309 13 -0.0068802705516318
1310 13 -0.0074627821501465
8 14 -0.1006050253616153
13 14 -0.0749692086196317
14 14 0.4738971389990486
15 14 -0.1389008855686866
21 14 -0.1529865287695778
680 14 -0.0077109233291570
681 14 -0.0076498041619141
685 14 0.0035626407114570
686 14 0.0025985219999597
691 14 0.0102815811957703
692 14 0.0107602523694387
1303 14 0.0070093360110379
1304 14 -0.0026803174979227
1305 14 -0.0094099168295318
1309 14 0.0068802705516318
1310 14 -0.0019488012967343
1311 14 -0.0099458506648457
9 15 -0.1645038830775034
14 15 -0.1389008855686866
15 15 0.8129070403096204
16 15 -0.2464809832150224
22 15 -0.2522753696115548
681 15 -0.0099592606835534
682 15 -0.0097736743584251
686 15 0.0043540980897419
687 15 0.0032448016186810
692 15 0.0132219847957786
693 15 0.0135760323113057
1304 15 0.0096208066432402
1305 15 -0.0035271492735733
1306 15 -0.0125304044031048
1310 15 0.0094115834468808
1311 15 -0.0025537158239951
1312 15 -0.0129012183965499
10 16 -0.2645539555805440
15 16 -0.2464809832150224
16 16 1.2451625825514927
17 16 -0.3460337851009387
23 16 -0.3741328039303494
682 16 -0.0128262274162236
683 16 -0.0125610791812144
687 16 0.0043663747926867
688 16 0.0036665651749091
693 16 0.0160913118317283
694 16 0.0162103263042939
1305 16 0.0129370661031051
1306 16 -0.0025738091510550
1307 16 -0.0149338033856755
1311 16 0.0124995664888408
1312 16 -0.0019405223641149
1313 16 -0.0149443738960738
11 17 -0.3087123473271317
16 17 -0.3460337851009387
17 17 1.4644797702915244
18 17 -0.3753477490831847
24 17 -0.4198536614049370
683 17 -0.0137818825494367
684 17 -0.0142836182669337
688 17 0.0038936230774774
689 17 0.0037332399365290
694 17 0.0170746734582446
695 17 0.0170962429246965
1306 17 0.0151042135541598
1307 17 -0.0007015805372952
1308 17 -0.0159231609742890
1312 17 0.0148417407606648
1313 17 -0.0005393909263622
1314 17 -0.0154770291449015
12 18 -0.2559125467827378
17 18 -0.3753477490831847
18 18 1.3413467871093760
19 18 -0.2744331738093402
25 18 -0.4164164905593298
684 18 -0.0126355091531540
689 18 0.0046362190910796
690 18 0.0054431758934283
695 18 0.0170323028917652
696 18 0.0170017334887951
1307 18 0.0156353839229708
1308 18 0.0026526997107262
1313 18 0.0154837648224359
1314 18 0.0018645240768965
1315 18 -0.0132385772889032
18 19 -0.2744331738093402
19 19 0.6131563859856113
26 19 -0.3064918757800020
690 19 0.0147077246527850
696 19 0.0149098949159881
697 19 0.0145637661035041
1308 19 0.0132704612635627
1314 19 0.0136125050680050
1315 19 0.0132385772889032
13 20 -0.0655656551869619
20 20 0.2849560852537185
21 20 -0.1363751940135176
28 20 -0.0808476796959350
685 20 -0.0061205332232565
691 20 0.0009611125814402
698 20 0.0082931295219693
1309 20 -0.0100552197571667
1310 20 -0.0092339604249280
1316 20 -0.0093859293549420
1317 20 -0.0098175409843036
14 21 -0.1529865287695778
20 21 -0.1363751940135176
21 21 0.8115615031010970
22 21 -0.2529748112703419
29 21 -0.2570541610845114
685 21 -0.0101408159405665
686 21 -0.0093955842069035
691 21 0.0048588714915347
692 21 0.0035364357530851
698 21 0.0132204785337313
699 21 0.0133712518190884
1309 21 0.0100552197571667
1310 21 -0.0039280280514847
1311 21 -0.0125946142995479
1316 21 0.0093859293549420
1317 21 -0.0027141062390501
1318 21 -0.0127395146174487
15 22 -0.2522753696115548
21 22 -0.2529748112703419
22 22 1.2153470926049761
23 22 -0.3649972920671600
30 22 -0.3343405031475553
686 22 -0.0127501077894528
687 22 -0.0120289486707938
692 22 0.0034244067713190
693 22 0.0028260319827731
699 22 0.0150338043630921
700 22 0.0151014958762771
1310 22 0.0131619884764127
1311 22 -0.0029388120481964
1312 22 -0.0151185583996567
1317 22 0.0125316472233537
1318 22 -0.0022864027196065
1319 22 -0.0151082675256919
16 23 -0.3741328039303494
22 23 -0.3649972920671600
23 23 1.5863885520488108
24 23 -0.4351213698839215
31 23 -0.4055672558053810
687 23 -0.0151195517801465
688 23 -0.0146799808220871
693 23 0.0021731686949875
694 23 0.0019761196324317
700 23 0.0165429583449546
701 23 0.0165498477911118
1311 23 0.0155334263477443
1312 23 -0.0015106307461217
1313 23 -0.0165346743115268
1318 23 0.0150259173370552
1319 23 -0.0012995044129954
1320 23 -0.0164129053334958
17 24 -0.4198536614049370
23 24 -0.4351213698839215
24 24 1.7241134145056636
25 24 -0.4493809103939407
32 24 -0.4164107315831395
688 24 -0.0156586547781904
689 24 -0.0155774237766700
694 24 0.0014203295113556
695 24 0.0013947625156929
701 24 0.0167644840584684
702 24 0.0167667195372338
1312 24 0.0166291891457784
1313 24 -0.0002899750353036
1314 24 -0.0168307599424222
1319 24 0.0164077719386873
1320 24 -0.0002607874046924
1321 24 -0.0166766121019811
18 25 -0.4164164905593298
24 25 -0.4493809103939407
25 25 1.7239373707956638
26 25 -0.4294292899272472
33 25 -0.4242244126582891
689 25 -0.0155067811030518
690 25 -0.0159503682493770
695 25 0.0016130862693530
696 25 0.0016542137488419
702 25 0.0169203566039775
703 25 0.0169227419888750
1313 25 0.0168246493468304
1314 25 0.0004073974121782
1315 25 -0.0167879603347949
1320 25 0.0166736927381882
1321 25 0.0003615117221315
1322 25 -0.0163021135640468
19 26 -0.3064918757800020
25 26 -0.4294292899272472
26 26 1.4525953324486300
27 26 -0.2985114509237369
34 26 -0.4051951757541833
690 26 -0.0133082055059811
696 26 0.0031472277471001
697 26 0.0038069088031070
703 26 0.0165515022440011
704 26 0.0165411417801610
1314 26 0.0164233625302440
1315 26 0.0031159709172178
1321 26 0.0163151003798496
1322 26 0.0024272177128273
1323 26 -0.0135984827444362
26 27 -0.2985114509237369
27 27 0.6193804530175039
35 27 -0.2906476742783517
697 27 0.0140985301901868
704 27 0.0142674183458827
705 27 0.0140394902414089
1315 27 0.0136719894175771
1322 27 0.0138748958512196
1323 27 0.0135984827444362
20 28 -0.0808476796959350
28 28 0.3351094495212936
29 28 -0.1941805186665772
43 28 -0.0614000329199611
691 28 -0.0068780117716043
698 28 -0.0002268050363279
712 28 0.0071990020799452
1316 28 -0.0122322694972307
1317 28 -0.0109359679496447
1324 28 -0.0123385648433388
1325 28 -0.0111462150181617
21 29 -0.2570541610845114
28 29 -0.1941805186665772
29 29 1.0693650680844728
30 29 -0.3281280026562666
44 29 -0.2849904799684681
691 29 -0.0128282346619031
692 29 -0.0120226826544134
698 29 0.0022034177418564
699 29 0.0016568409483408
712 29 0.0141074557664040
713 29 0.0136912850063340
1316 29 0.0122322694972307
1317 29 -0.0034421135302567
1318 29 -0.0141747559505514
1324 29 0.0123385648433388
1325 29 -0.0029240617107511
1326 29 -0.0140922694687565
22 30 -0.3343405031475553
29 30 -0.3281280026562666
30 30 1.3682191418170402
31 30 -0.3707389024876380
45 30 -0.3324161099478976
692 30 -0.0139388929027795
693 30 -0.0136870613590278
699 30 0.0012756892313565
700 30 0.0011887116544067
713 30 0.0147605191419245
714 30 0.0147659758753171
1317 30 0.0143780814799014
1318 30 -0.0009601280524902
1319 30 -0.0150534262195041
1325 30 0.0140702767289128
1326 30 -0.0008612848814349
1327 30 -0.0149605164374380
23 31 -0.4055672558053810
30 31 -0.3707389024876380
31 31 1.5170443298156493
32 31 -0.3875425228731167
46 31 -0.3549935046986941
693 31 -0.0151572645786176
694 31 -0.0150763215198352
700 31 0.0003867798006939
701 31 0.0003738930400076
714 31 0.0152517372949771
715 31 0.0152566935951724
1318 31 0.0151348840030416
1319 31 -0.0003437750618350
1320 31 -0.0153924751381248
1326 31 0.0149535543501915
1327 31 -0.0003286698057911
1328 31 -0.0152935613568879
24 32 -0.4164107315831395
31 32 -0.3875425228731167
32 32 1.5623515125742031
33 32 -0.3927424970898264
47 32 -0.3672211072716592
694 32 -0.0152813160878537
695 32 -0.0152758359305023
701 32 0.0004463242300132
702 32 0.0004420044884466
715 32 0.0155127391683557
716 32 0.0155237962313692
1319 32 0.0153972012813391
1320 32 -0.0001049888509853
1321 32 -0.0154947714963440
1327 32 0.0152891862432291
1328 32 -0.0001000010412922
1329 32 -0.0154028042190623
25 33 -0.4242244126582891
32 33 -0.3927424970898264
33 33 1.5979328176311338
34 33 -0.3989535774042297
48 33 -0.3827239605338117
695 33 -0.0154211900742738
696 33 -0.0154333886003665
702 33 0.0006389205294547
703 33 0.0006323214718911
716 33 0.0158387950381114
717 33 0.0158435992423792
1320 33 0.0154974639891101
1321 33 -0.0001242430962236
1322 33 -0.0156309729082848
1328 33 0.0153935623981802
1329 33 -0.0001170015105797
1330 33 -0.0155198616427509
26 34 -0.4051951757541833
33 34 -0.3989535774042297
34 34 1.5734255317394183
35 34 -0.3853758669494877
49 34 -0.3828113005521900
696 34 -0.0150712668695148
697 34 -0.0153851208318605
703 34 0.0009704743032930
704 34 0.0009909945983053
717 34 0.0158453518614551
718 34 0.0158449657898773
1321 34 0.0156190145925676
1322 34 0.0002779056390962
1323 34 -0.0156359319362565
1329 34 0.0155198057296420
1330 34 0.0002557415648047
1331 34 -0.0152534605229446
27 35 -0.2906476742783517
34 35 -0.3853758669494877
35 35 1.3579636371118626
36 35 -0.3016466524785782
50 35 -0.3697539678046307
697 35 -0.0127706477839310
704 35 0.0027648059251529
705 35 0.0031499539154179
718 35 0.0155827363952135
719 35 0.0155725957722149
1322 35 0.0153530672691886
1323 35 0.0020234689284509
1330 35 0.0152641200779462
1331 35 0.0016046774332242
1332 35 -0.0134983601412066
35 36 -0.3016466524785782
36 36 0.8272292316415726
37 36 -0.2020286279010557
51 36 -0.2934624617511655
705 36 0.0139799336417430
706 36 0.0143703239625864
719 36 0.0140143021161639
720 36 0.0139630494096968
1323 36 0.0136124630078056
1331 36 0.0136487830897204
1332 36 0.0021430326963468
1333 36 -0.0112079388764820
36 37 -0.2020286279010557
37 37 0.6494671500851622
38 37 -0.1627880817286629
52 37 -0.2581770943263229
706 37 0.0133037852768168
707 37 0.0136306444487348
720 37 0.0132218576500209
721 37 0.0131676714152922
1332 37 0.0113553274448599
1333 37 0.0009000017192273
1334 37 -0.0102124882644533
37 38 -0.1627880817286629
38 38 0.5692045850920593
39 38 -0.1415067057676841
53 38 -0.2402723905587668
707 38 0.0130277458655986
708 38 0.0132808077321277
721 38 0.0127822529832066
722 38 0.0126805772184295
1333 38 0.0103079371572547
1334 38 0.0005059585267500
1335 38 -0.0095113308200767
38 39 -0.1415067057676841
39 39 0.4847050040705262
40 39 -0.1149772076805818
54 39 -0.2069958435566256
708 39 0.0120789912100948
709 39 0.0124428755466740
722 39 0.0119293145161044
723 39 0.0118817711984507
1334 39 0.0097065297377032
1335 39 0.0006795405400878
1336 39 -0.0088116917210337
39 40 -0.1149772076805818
40 40 0.4852827789834940
41 40 -0.1452140947925606
55 40 -0.2041572929593301
709 40 0.0123291444603755
710 40 0.0119416525078805
723 40 0.0118164407127511
724 40 0.0119460079711426
1335 40 0.0088317902799888
1336 40 -0.0007798692186709
1337 40 -0.0099498975973727
40 41 -0.1452140947925606
41 41 0.6084451312644521
42 41 -0.1707324867819694
56 41 -0.2652953058241563
710 41 0.0141213456559437
711 41 0.0137790576768085
724 41 0.0132872694719517
725 41 0.0133268556366427
1336 41 0.0095915609397045
1337 41 -0.0005773719372296
1338 41 -0.0104122176794508
41 42 -0.1707324867819694
42 42 0.4381459756672085
57 42 -0.2425432310366031
711 42 0.0130309719828684
725 42 0.0128386093589427
726 42 0.0126122342858240
1337 42 0.0105272695346023
1338 42 0.0104122176794508
28 43 -0.0614000329199611
43 43 0.2444640763761877
44 43 -0.1544338032713474
64 43 -0.0311962886930722
698 43 -0.0066076806554193
712 43 -0.0007376536496095
730 43 0.0056123071052440
1324 43 -0.0108733183825321
1325 43 -0.0098902581766954
1339 43 -0.0122823677281432
1340 43 -0.0098433259811845
29 44 -0.2849904799684681
43 44 -0.1544338032713474
44 44 0.9641913498421160
45 44 -0.2900535371521100
65 44 -0.2373004889628731
698 44 -0.0128600509406779
699 44 -0.0124881783430780
712 44 0.0000064275256181
713 44 -0.0000453014162514
730 44 0.0128133895388412
731 44 0.0122649289766783
1324 44 0.0108733183825321
1325 44 -0.0032641417685914
1326 44 -0.0131311453350904
1339 44 0.0122823677281432
1340 44 -0.0031943429424267
1341 44 -0.0130385585063345
30 45 -0.3324161099478976
44 45 -0.2900535371521100
45 45 1.2275091041760264
46 45 -0.3184924883572466
66 45 -0.2883947564878587
699 45 -0.0135083793212658
700 45 -0.0134851042834576
713 45 0.0002529587841814
714 45 0.0002313970524663
731 45 0.0135132222895153
732 45 0.0135138736821273
1325 45 0.0131543999452868
1326 45 -0.0006337731642363
1327 45 -0.0137582004920653
1340 45 0.0130376689236112
1341 45 -0.0006076141298771
1342 45 -0.0136589437232462
31 46 -0.3549935046986941
45 46 -0.3184924883572466
46 46 1.3210645397561551
47 46 -0.3362371264351033
67 46 -0.3128264520156511
700 46 -0.0139420178160755
701 46 -0.0139359897298801
714 46 0.0003694524335500
715 46 0.0003534963889177
732 46 0.0140611580043672
733 46 0.0140706892616087
1326 46 0.0137649184993267
1327 46 -0.0003826645611604
1328 46 -0.0141367777196820
1341 46 0.0136461726362116
1342 46 -0.0003640184363963
1343 46 -0.0140308372670863
32 47 -0.3672211072716592
46 47 -0.3362371264351033
47 47 1.3855472870569383
48 47 -0.3571108413168680
68 47 -0.3262476927105945
701 47 -0.0141780234678411
702 47 -0.0141759420790492
715 47 0.0004306307767934
716 47 0.0004109213276539
733 47 0.0143613757226981
734 47 0.0143653041983373
1327 47 0.0141408650532257
1328 47 -0.0004425855499958
1329 47 -0.0145708119908583
1342 47 0.0140229621596425
1343 47 -0.0004193088136509
1344 47 -0.0144554317143086
33 48 -0.3827239605338117
47 48 -0.3571108413168680
48 48 1.4448017034954956
49 48 -0.3661415946243485
69 48 -0.3401366978265413
702 48 -0.0144807680475585
703 48 -0.0144767424844892
716 48 0.0004358700378302
717 48 0.0004274983257483
734 48 0.0146624275430139
735 48 0.0146663414893773
1328 48 0.0145793632696779
1329 48 -0.0001875609630923
1330 48 -0.0147583216503701
1343 48 0.0144501460807372
1344 48 -0.0001776663588413
1345 48 -0.0146356426327651
34 49 -0.3828113005521900
48 49 -0.3661415946243485
49 49 1.4599321761422399
50 49 -0.3655474661172775
70 49 -0.3461456715425079
703 49 -0.0144784463933902
704 49 -0.0144885463858942
717 49 0.0005586419952625
718 49 0.0005592908780301
735 49 0.0147927465577760
736 49 0.0147955125334138
1329 49 0.0147583729539506
1330 49 0.0000123381293064
1331 49 -0.0147557781014250
1344 49 0.0146330980731499
1345 49 0.0000115866771723
1346 49 -0.0146240941037564
35 50 -0.3697539678046307
49 50 -0.3655474661172775
50 50 1.4354144730837726
51 50 -0.3533876360058891
71 50 -0.3462176352995853
704 50 -0.0142293634000168
705 50 -0.0143914324200808
718 50 0.0007987230627084
719 50 0.0008164094235861
736 50 0.0147970123928920
737 50 0.0147951630899546
1330 50 0.0147459835210637
1331 50 0.0002569403948202
1332 50 -0.0146461607721139
1345 50 0.0146240559555928
1346 50 0.0002371160125059
1347 50 -0.0143770145624111
36 51 -0.2934624617511655
50 51 -0.3533876360058891
51 51 1.3180542886536617
52 51 -0.3341378723767855
72 51 -0.3309973006777057
705 51 -0.0126797578135664
706 51 -0.0130338406617334
719 51 0.0018875592735017
720 51 0.0019477804471090
737 51 0.0144761214348731
738 51 0.0144686662059331
1331 51 0.0144988377066048
1332 51 0.0004565732090992
1333 51 -0.0143251572665068
1346 51 0.0143869780912505
1347 51 0.0003839026797500
1348 51 -0.0139826144036111
37 52 -0.2581770943263229
51 52 -0.3341378723767855
52 52 1.2365794660506451
53 52 -0.3181756198201420
73 52 -0.3180438244037658
706 52 -0.0120664932779105
707 52 -0.0123629535648670
720 52 0.0023205179437427
721 52 0.0023836314771462
738 52 0.0141929740978039
739 52 0.0141810479705210
1332 52 0.0141895875630147
1333 52 0.0004036422561508
1334 52 -0.0140085068795633
1347 52 0.0139931118826611
1348 52 0.0003247571062635
1349 52 -0.0136433902037588
38 53 -0.2402723905587668
52 53 -0.3181756198201420
53 53 1.1257943037654543
54 53 -0.2892613658093485
74 53 -0.2729225487162081
707 53 -0.0118161263612325
708 53 -0.0120456527139082
721 53 0.0016640219263157
722 53 0.0017558811400176
739 53 0.0131537572614807
740 53 0.0131491356085427
1333 53 0.0139215150103560
1334 53 0.0007579164943895
1335 53 -0.0134302104143883
1348 53 0.0136578572973476
1349 53 0.0006350387860398
1350 53 -0.0130208578886801
39 54 -0.2069958435566256
53 54 -0.2892613658093485
54 54 1.0720454781590889
55 54 -0.2783294012792403
75 54 -0.2877111007956229
708 54 -0.0109556087390057
709 54 -0.0112856507390762
722 54 0.0028047971576516
723 54 0.0028634624534391
740 54 0.0134881216341754
741 54 0.0135143797195133
1334 54 0.0132505903851738
1335 54 0.0003087299074789
1336 54 -0.0131397377674886
1349 54 0.0130083514177190
1350 54 0.0002338448840935
1351 54 -0.0127913163352797
40 55 -0.2041572929593301
54 55 -0.2783294012792403
55 55 1.0895524648341171
56 55 -0.3063326582458580
76 55 -0.2904457235645658
709 55 -0.0111824969854824
710 55 -0.0108310429486998
723 55 0.0029919992557551
724 55 0.0028419218033833
741 55 0.0135743599378087
742 55 0.0135851432343791
1335 55 0.0131214805069095
1336 55 -0.0007963195862206
1337 55 -0.0135978590161657
1350 55 0.0127870130045866
1351 55 -0.0005961890853411
1352 55 -0.0134213336122616
41 56 -0.2652953058241563
55 56 -0.3063326582458580
56 56 1.2203795620911730
57 56 -0.3201560481770456
77 56 -0.3209223746868636
710 56 -0.0128080180856066
711 56 -0.0124975639168564
724 56 0.0023613963434530
725 56 0.0023050047584773
742 56 0.0142457620862090
743 56 0.0142568246465613
1336 56 0.0139360573537092
1337 56 -0.0003448347919956
1338 56 -0.0140477634318611
1351 56 0.0133875054206208
1352 56 -0.0002799771115946
1353 56 -0.0136984163270978
42 57 -0.2425432310366031
56 57 -0.3201560481770456
57 57 1.1220710984544755
58 57 -0.2315516834891759
78 57 -0.3182956975535369
711 57 -0.0118190524399041
725 57 0.0026857943599332
726 57 0.0031946820560448
743 57 0.0142011518541080
744 57 0.0141836593175216
1337 57 0.0139426938081613
1338 57 0.0023116487141861
1352 57 0.0137013107238563
1353 57 0.0018019705974772
1354 57 -0.0116361532819000
57 58 -0.2315516834891759
58 58 0.6257757522144184
59 58 -0.1696038844852295
79 58 -0.2040532331930938
726 58 0.0114606658855232
727 58 0.0115802977599478
744 58 0.0116250037885908
745 58 0.0115754696611378
1338 58 0.0117361147176751
1353 58 0.0118964457296206
1354 58 0.0015734831947126
1355 58 -0.0102578387269083
58 59 -0.1696038844852295
59 59 0.5749975691434086
60 59 -0.1310647486598842
80 59 -0.2492104907591902
727 59 0.0130458920015674
728 59 0.0135590035764267
745 59 0.0126082674117912
746 59 0.0125870938547806
1354 59 0.0100626700871874
1355 59 0.0008857818566718
1356 59 -0.0088454791377470
59 60 -0.1310647486598842
60 60 0.3045502727246448
81 60 -0.1576006279996034
728 60 0.0101767717540495
746 60 0.0104506202302789
747 60 0.0100907831404158
1355 60 0.0093720568702365
1356 60 0.0088454791377470
61 61 0.1929333305295545
62 61 -0.0549370826205075
85 61 -0.1253608648289082
729 61 0.0099703888425671
750 61 0.0092953270712941
751 61 0.0091920274571029
1357 61 -0.0062908778617795
1358 61 -0.0063557352134862
61 62 -0.0549370826205075
62 62 0.1994687441073366
86 62 -0.1312978747877974
729 62 0.0103089515112459
751 62 0.0093553716945351
752 62 0.0092865943182083
1357 62 0.0062908778617795
1358 62 0.0063557352134862
63 63 0.1078937368841114
98 63 -0.0980146371394794
763 63 0.0081367927485658
43 64 -0.0311962886930722
64 64 0.1795184389784257
65 64 -0.1164647119592372
100 64 -0.0315960160205530
712 64 -0.0052615018606540
730 64 0.0001406132945784
764 64 0.0049704756000822
765 64 0.0049784784976658
1339 64 -0.0103355713970664
1340 64 -0.0085557727726116
1360 64 -0.0095961563901732
1361 64 -0.0082929273860897
44 65 -0.2373004889628731
64 65 -0.1164647119592372
65 65 0.7493554649636582
66 65 -0.2381920729853949
101 65 -0.1630378227802545
712 65 -0.0116296689310461
713 65 -0.0112397728040779
730 65 -0.0013554872127533
731 65 -0.0010078211258159
765 65 0.0103741951244347
766 65 0.0099615191495043
1339 65 0.0103355713970664
1340 65 -0.0031561101907393
1341 65 -0.0117051300597114
1360 65 0.0095961563901732
1361 65 -0.0033931542635302
1362 65 -0.0115976973217049
45 66 -0.2883947564878587
65 66 -0.2381920729853949
66 66 0.9926140634482621
67 66 -0.2833331808202831
102 66 -0.1903198818111840
713 66 -0.0123917181761142
714 66 -0.0123766267786274
731 66 -0.0014095110942188
732 66 -0.0013127588105039
766 66 0.0108637582955985
767 66 0.0107262679340816
1340 66 0.0117118829633509
1341 66 -0.0010616755122631
1342 66 -0.0127545582973344
1361 66 0.0116860816496199
1362 66 -0.0011646346704687
1363 66 -0.0126266265897482
46 67 -0.3128264520156511
66 67 -0.2833331808202831
67 67 1.1541545087198171
68 67 -0.3030762866365557
103 67 -0.2580936336895452
714 67 -0.0129022841999232
715 67 -0.0128918728830270
732 67 -0.0001419488778409
733 67 -0.0001458739039496
767 67 0.0126237895478296
768 67 0.0124914688527856
1341 67 0.0127668055719744
1342 67 -0.0004458379219968
1343 67 -0.0131930633964337
1362 67 0.0127623319921736
1363 67 -0.0004374076842411
1364 67 -0.0130596733068423
47 68 -0.3262476927105945
67 68 -0.3030762866365557
68 68 1.2036430223056396
69 68 -0.3106597312547267
104 68 -0.2671678190815120
715 68 -0.0131729131970265
716 68 -0.0131641188694446
733 68 -0.0001940154005127
734 68 -0.0001949054669526
768 68 0.0127135229441947
769 68 0.0127087936665299
1342 68 0.0132003962193312
1343 68 -0.0001676895742863
1344 68 -0.0133557710385275
1363 68 0.0130640342739893
1364 68 -0.0001651330597385
1365 68 -0.0132216688046756
48 69 -0.3401366978265413
68 69 -0.3106597312547267
69 69 1.2529680995850359
70 69 -0.3212830911724230
105 69 -0.2840071270548010
716 69 -0.0134463262776151
717 69 -0.0134426795278838
734 69 -0.0000690370769812
735 69 -0.0000723943224457
769 69 0.0131060068855455
770 69 0.0131029229903061
1343 69 0.0133607529707200
1344 69 -0.0002300638680007
1345 69 -0.0135834675466244
1364 69 0.0132248063665808
1365 69 -0.0002243659028687
1366 69 -0.0134456022319958
49 70 -0.3461456715425079
69 70 -0.3212830911724230
70 70 1.2839229360221387
71 70 -0.3272975472489034
106 70 -0.2920697639112698
717 70 -0.0135632593280368
718 70 -0.0135635306935473
735 70 -0.0000008827944946
736 70 -0.0000034034261707
770 70 0.0132879309400786
771 70 0.0132875802330564
1344 70 0.0135858349065282
1345 70 -0.0001291160323939
1346 70 -0.0137125483124360
1365 70 0.0134460347075443
1366 70 -0.0001252600667914
1367 70 -0.0135708436047328
50 71 -0.3462176352995853
70 71 -0.3272975472489034
71 71 1.2919966895595880
72 71 -0.3235711994623883
107 71 -0.2972762637263328
718 71 -0.0135649759360651
719 71 -0.0135726875161086
736 71 0.0001144552017306
737 71 0.0001166881063292
771 71 0.0134054418334149
772 71 0.0134065468712609
1345 71 0.0137125835790183
1346 71 0.0000799874884032
1347 71 -0.0136418186434042
1366 71 0.0135708622987871
1367 71 0.0000769241755100
1368 71 -0.0134943745673614
51 72 -0.3309973006777057
71 72 -0.3235711994623883
72 72 1.2666640620635428
73 72 -0.3138630828606782
108 72 -0.2990315979496967
719 72 -0.0132618042722043
720 72 -0.0132742817627242
737 72 0.0004469426199261
738 72 0.0004579704077002
772 72 0.0134455955249253
773 72 0.0134466265181427
1346 72 0.0136325608240328
1347 72 0.0002131257992723
1348 72 -0.0134383947860004
1367 72 0.0134939194292229
1368 72 0.0001998186517274
1369 72 -0.0132910144019062
52 73 -0.3180438244037658
72 73 -0.3138630828606782
73 73 1.1977920025355853
74 73 -0.2742788094442773
109 73 -0.2919210067736966
720 73 -0.0130021856907802
721 73 -0.0130148736283763
738 73 0.0005421490477530
739 73 0.0005981336410560
773 73 0.0132893507806085
774 73 0.0132861301784949
1347 73 0.0134286928441319
1348 73 0.0008865280091673
1349 73 -0.0125682147421219
1368 73 0.0132945559156340
1369 73 0.0008246118752716
1370 73 -0.0124253047025909
53 74 -0.2729225487162081
73 74 -0.2742788094442773
74 74 1.0747571510580189
75 74 -0.2705851489190474
110 74 -0.2566358137413276
721 74 -0.0120435885652460
722 74 -0.0120432611651002
739 74 0.0006487393412079
740 74 0.0006548601992804
774 74 0.0124974059876513
775 74 0.0124978658262935
1348 74 0.0125518667768331
1349 74 0.0000892998102517
1350 74 -0.0124673023934847
1369 74 0.0124664025266346
1370 74 0.0000820649913406
1371 74 -0.0123836872909640
54 75 -0.2877111007956229
74 75 -0.2705851489190474
75 75 1.1448059519922442
76 75 -0.2955255292796700
111 75 -0.2888268583121735
722 75 -0.0123771325730303
723 75 -0.0123912529956832
740 75 0.0011576161212554
741 75 0.0010966565676151
775 75 0.0132171049475328
776 75 0.0132187484553985
1349 75 0.0124789149318702
1350 75 -0.0005872702899280
1351 75 -0.0130506373029987
1370 75 0.0123432397112503
1371 75 -0.0005223286713878
1372 75 -0.0129007768473139
55 76 -0.2904457235645658
75 76 -0.2955255292796700
76 76 1.1720344406428322
77 76 -0.3025859777172774
112 76 -0.2822220414039224
723 76 -0.0124541915368776
724 76 -0.0124246125285643
741 76 0.0008830053288736
742 76 0.0008695552262345
776 76 0.0130718847590181
777 76 0.0130717823641962
1350 76 0.0130545726834127
1351 76 -0.0001654676350173
1352 76 -0.0131843109828725
1371 76 0.0129060159623518
1372 76 -0.0001495878783255
1373 76 -0.0130587465443533
56 77 -0.3209223746868636
76 77 -0.3025859777172774
77 77 1.2348593568330239
78 77 -0.3164780637634957
113 77 -0.2951341609452782
724 77 -0.0130932171643464
725 77 -0.0130746059726532
742 77 0.0005769296340934
743 77 0.0005581851847415
777 77 0.0133589508489141
778 77 0.0133604656466357
1351 77 0.0132161049380160
1352 77 -0.0003097281890402
1353 77 -0.0134966922230038
1372 77 0.0130503647256394
1373 77 -0.0002878175721332
1374 77 -0.0133479904159490
57 78 -0.3182956975535369
77 78 -0.3164780637634957
78 78 1.2167833013422975
79 78 -0.2834312426041388
114 78 -0.2982878122618306
725 78 -0.0130182390107369
726 78 -0.0132940096932489
743 78 0.0006821983743205
744 78 0.0007358038845100
778 78 0.0134302095446957
779 78 0.0134292797261865
1352 78 0.0134940391719128
1353 78 0.0007398225647072
1354 78 -0.0130584783671100
1373 78 0.0133465641164865
1374 78 0.0006810382695403
1375 78 -0.0126297834482616
58 79 -0.2040532331930938
78 79 -0.2834312426041388
79 79 1.0287988616910002
80 79 -0.2717945775866006
115 79 -0.2623183363966248
726 79 -0.0104112902248711
727 79 -0.0105199682176877
744 79 0.0021750872501563
745 79 0.0022265305716289
779 79 0.0126302152966409
780 79 0.0126248294789337
1353 79 0.0127568696582966
1354 79 0.0003253644201966
1355 79 -0.0125498922135429
1374 79 0.0126669521464087
1375 79 0.0002557253543128
1376 79 -0.0124012212920933
59 80 -0.2492104907591902
79 80 -0.2717945775866006
80 80 1.0718806720649194
81 80 -0.2614000284979008
116 80 -0.2842451384749182
727 80 -0.0118513679071836
728 80 -0.0123174973255753
745 80 0.0018392764767949
746 80 0.0018803796587430
780 80 0.0131147363480218
781 80 0.0131105885582916
1354 80 0.0127331139469134
1355 80 0.0002629878965817
1356 80 -0.0128281272741880
1375 80 0.0123740580939488
1376 80 0.0002194414745830
1377 80 -0.0121305096209243
60 81 -0.1576006279996034
80 81 -0.2614000284979008
81 81 0.8651337444359060
82 81 -0.1908936059056822
117 81 -0.2454492769958211
728 81 -0.0092449535953681
746 81 0.0028271735202972
747 81 0.0033471525804491
781 81 0.0122328439365631
782 81 0.0122259790352004
1355 81 0.0122869043169612
1356 81 0.0022431740644545
1376 81 0.0121817798175103
1377 81 0.0016017966544703
1378 81 -0.0104327212023843
81 82 -0.1908936059056822
82 82 0.5936660394621576
83 82 -0.1650052949677883
118 82 -0.2164118837415276
747 82 0.0116433466203697
748 82 0.0117715849804328
782 82 0.0115648578096192
783 82 0.0115586430776056
1356 82 0.0105849532097335
1377 82 0.0105287129664541
1378 82 0.0006263581672232
1379 82 -0.0098206969113807
82 83 -0.1650052949677883
83 83 0.6052046426958400
84 83 -0.1987385486141349
119 83 -0.2197737950506825
748 83 0.0118800066663444
749 83 0.0117176303532980
783 83 0.0116354689756616
784 83 0.0115981093281146
1378 83 0.0098063630351612
1379 83 -0.0008098971285681
1380 83 -0.0106658872188853
83 84 -0.1987385486141349
84 84 0.6584521913294625
85 84 -0.2040992594649109
120 84 -0.2326561631645237
749 84 0.0120961892807114
750 84 0.0120762676332385
784 84 0.0119002314626602
785 84 0.0118783200258846
1357 84 -0.0113045102282057
1379 84 0.0106305940399488
1380 84 -0.0001250906021077
1381 84 -0.0107414718526494
61 85 -0.1253608648289082
84 85 -0.2040992594649109
85 85 0.7372938655494121
86 85 -0.1878210033448715
121 85 -0.2106996096587158
729 85 -0.0090574677712144
750 85 0.0029953691907124
751 85 0.0031315100501230
785 85 0.0113496237583567
786 85 0.0113080046956471
1357 85 0.0005806843944073
1358 85 -0.0106647732837920
1380 85 0.0107909778209930
1381 85 0.0003991495031197
1382 85 -0.0103088625609117
62 86 -0.1312978747877974
85 86 -0.1878210033448715
86 86 0.6979710902232932
87 86 -0.1751383459662064
122 86 -0.1963594215966569
729 86 -0.0093650305461989
751 86 0.0025496495772478
752 86 0.0026476423799543
786 86 0.0109473389624817
787 86 0.0108952596449034
1357 86 0.0107238258337985
1358 86 0.0004420737006029
1381 86 0.0103423223495297
1382 86 0.0003221394918277
1383 86 -0.0099278052860225
86 87 -0.1751383459662064
87 87 0.4996574760058661
88 87 -0.1553298656273633
123 87 -0.1539933888158025
752 87 0.0097577352372983
753 87 0.0097682996349947
787 87 0.0097103948214377
788 87 0.0096774351988180
1358 87 0.0102226995831892
1382 87 0.0099867230690840
1383 87 0.0005681456708107
1384 87 -0.0093811717995977
87 88 -0.1553298656273633
88 88 0.4511168929973152
89 88 -0.1143073527144128
124 88 -0.1651799255613089
753 88 0.0101401318508199
754 88 0.0103889867923763
788 88 0.0100016562606956
789 88 0.0100552481019895
1383 88 0.0093596596152117
1384 88 0.0011360650739291
1385 88 -0.0081287852445441
88 89 -0.1143073527144128
89 89 0.3253036243105050
90 89 -0.0538032320754714
125 89 -0.1430746149179277
754 89 0.0095324650666763
755 89 0.0108170047839418
789 89 0.0094574440565528
790 89 0.0094435023575934
1384 89 0.0082451067256686
1385 89 0.0018003761107807
1386 89 -0.0059368954444204
89 90 -0.0538032320754714
90 90 0.2160954843565865
91 90 -0.0450103587897473
126 90 -0.1067481219225462
755 90 0.0087653790671639
756 90 0.0090944229338292
790 90 0.0084529206970589
791 90 0.0084705284905429
1385 90 0.0063284091337634
1386 90 0.0003029076727164
1387 90 -0.0060035945277679
90 91 -0.0450103587897473
91 91 0.2701602145223396
92 91 -0.0738078359820257
127 91 -0.1377491093928063
756 91 0.0110086706365131
757 91 0.0098474021266071
791 91 0.0093103105589748
792 91 0.0093808289035903
1386 91 0.0056339877717040
1387 91 -0.0008733123952999
1388 91 -0.0069652239824509
91 92 -0.0738078359820257
92 92 0.3251728752653641
93 92 -0.0890400997409380
128 92 -0.1477455890377270
757 92 0.0103294328215799
758 92 0.0100067180953629
792 92 0.0096422912155011
793 92 0.0096743334574626
1387 92 0.0068769069230679
1388 92 -0.0004460327731180
1389 92 -0.0074949872796269
92 93 -0.0890400997409380
93 93 0.3795317907826842
94 93 -0.1160724648238146
129 93 -0.1587536172181456
758 93 0.0104899944626109
759 93 0.0101237125759899
793 93 0.0099576572828366
794 93 0.0099997508520598
1388 93 0.0074112567555689
1389 93 -0.0007636279405822
1390 93 -0.0083978525224833
93 94 -0.1160724648238146
94 94 0.4359500037609732
95 94 -0.1192758164297661
130 94 -0.1825845106573762
759 94 0.0110400481891912
760 94 0.0110002164533541
794 94 0.0105996438190049
795 94 0.0106293907956459
1389 94 0.0082586152202090
1390 94 -0.0000843785825406
1391 94 -0.0084154473906444
94 95 -0.1192758164297661
95 95 0.4004189507439396
96 95 -0.0931260074015905
131 95 -0.1711302110642380
760 95 0.0105657350589867
761 95 0.0109465548959783
795 95 0.0103466712742438
796 95 0.0103669570926359
1390 95 0.0084822311050240
1391 95 0.0007114833802612
1392 95 -0.0076490781928947
95 96 -0.0931260074015905
96 96 0.3837157602271923
97 96 -0.1104829431440421
132 96 -0.1639303656056938
761 96 0.0106374780106319
762 96 0.0103822773177360
796 96 0.0101910843262611
797 96 0.0101488464207317
1391 96 0.0077039640103833
1392 96 -0.0004825062387391
1393 96 -0.0082136182768970
96 97 -0.1104829431440421
97 97 0.4530454414131430
98 97 -0.1481386681446150
133 97 -0.1769614908571084
762 97 0.0108958632815956
763 97 0.0105639124812727
797 97 0.0104736949159938
798 97 0.0104451714679947
1359 97 -0.0095343118895052
1392 97 0.0081315844316338
1393 97 -0.0010075142806089
1394 97 -0.0092710304119759
63 98 -0.0980146371394794
97 98 -0.1481386681446150
98 98 0.4454293095336869
134 98 -0.1895463446958032
763 98 0.0036004949243117
798 98 0.0107647031704664
1359 98 0.0095343118895052
1393 98 0.0092211325575059
1394 98 0.0092710304119759
99 99 0.2451487047748297
100 99 -0.0801275839421983
135 99 -0.1505483551214531
764 99 0.0100543630755648
799 99 0.0093354175880030
1360 99 -0.0075515733378956
1395 99 -0.0070060917709273
1396 99 -0.0066833166668626
64 100 -0.0315960160205530
99 100 -0.0801275839421983
100 100 0.3064832697052383
101 100 -0.0806691695044977
136 100 -0.1066734160509410
730 100 -0.0047684906823832
764 100 0.0035494337260861
765 100 0.0035369452087482
799 100 0.0081213592159787
800 100 0.0080733590029193
1360 100 -0.0000376774257589
1361 100 -0.0069619140713588
1395 100 0.0070060917709273
1396 100 -0.0000182255657248
1397 100 -0.0069600280588508
65 101 -0.1630378227802545
100 101 -0.0806691695044977
101 101 0.5100111240173580
102 101 -0.1242938865477155
137 101 -0.1429147086277661
730 101 -0.0093609409306484
731 101 -0.0092238893578869
765 101 0.0002565822049235
766 101 0.0001707824992321
800 101 0.0090990825505634
801 101 0.0090644153429074
1360 101 0.0075892507636546
1361 101 -0.0013360378030969
1362 101 -0.0083758238652278
1396 101 0.0067015422325874
1397 101 -0.0012683414916232
1398 101 -0.0081954591534605
66 102 -0.1903198818111840
101 102 -0.1242938865477155
102 102 0.6157827843344336
103 102 -0.1734156970482723
138 102 -0.1321436087208160
731 102 -0.0098904222880650
732 102 -0.0099790232848851
766 102 -0.0010408736791843
767 102 -0.0009154549392025
801 102 0.0087463421918963
802 102 0.0087174098613023
1361 102 0.0082979518744557
1362 102 -0.0013923954416161
1363 102 -0.0098721089511361
1397 102 0.0082283695504740
1398 102 -0.0014852286730163
1399 102 -0.0096646349982890
67 103 -0.2580936336895452
102 103 -0.1734156970482723
103 103 0.8284363553712983
104 103 -0.2270055884377993
139 103 -0.1761667739368366
732 103 -0.0114971951129602
733 103 -0.0115015034864121
767 103 -0.0012915035271224
768 103 -0.0011614667145209
802 103 0.0100665621810526
803 103 0.0100834210598526
1362 103 0.0097682193068439
1363 103 -0.0013044412920896
1364 103 -0.0111803847700456
1398 103 0.0096806878264768
1399 103 -0.0014033400414449
1400 103 -0.0110705689579564
68 104 -0.2671678190815120
103 104 -0.2270055884377993
104 104 0.9063975970642992
105 104 -0.2443092471532657
140 104 -0.1750797822031077
733 104 -0.0116980384341725
734 104 -0.0117004765492700
768 104 -0.0013927337009329
769 104 -0.0013526702434694
803 104 0.0100494276748037
804 104 0.0100238243705827
1363 104 0.0111765502432257
1364 104 -0.0004139769640769
1365 104 -0.0115968586088781
1399 104 0.0110679750397339
1400 104 -0.0004545294034152
1401 104 -0.0114602048492647
69 105 -0.2840071270548010
104 105 -0.2443092471532657
105 105 0.9829777955734361
106 105 -0.2581738375481306
141 105 -0.2025263234797625
734 105 -0.0120607148431791
735 105 -0.0120608953575487
769 105 -0.0010045469863307
770 105 -0.0009851234379251
804 105 0.0108523100776351
805 105 0.0107649303601535
1364 105 0.0115943617341226
1365 105 -0.0003217160526621
1366 105 -0.0119188626382967
1400 105 0.0115250983613717
1401 105 -0.0003386166782702
1402 105 -0.0117708487062921
70 106 -0.2920697639112698
105 106 -0.2581738375481306
106 106 1.0443665190600746
107 106 -0.2652686084142529
142 106 -0.2327150484483243
735 106 -0.0122305013853814
736 106 -0.0122304941787983
770 106 -0.0003942004426766
771 106 -0.0003928924124108
805 106 0.0115670150392606
806 106 0.0115416001809494
1365 106 0.0119185746615402
1366 106 -0.0001623399400646
1367 106 -0.0120811585007428
1401 106 0.0117988215275349
1402 106 -0.0001616471980381
1403 106 -0.0119336991280850
71 107 -0.2972762637263328
106 107 -0.2652686084142529
107 107 1.0624554768408752
108 107 -0.2746921971982627
143 107 -0.2298246386109088
736 107 -0.0123390073861879
737 107 -0.0123395106541557
771 107 -0.0005718896837479
772 107 -0.0005672145406878
806 107 0.0114685207323766
807 107 0.0114676813363773
1366 107 0.0120812025783614
1367 107 -0.0002137305073754
1368 107 -0.0122944555276776
1402 107 0.0119324959043303
