100 100 10000
1 1 0.0000707106781187
2 1 0.0001581138830084
3 1 0.0002549509756796
4 1 0.0003535533905933
5 1 0.0004527692569069
6 1 0.0005522680508594
7 1 0.0006519202405203
8 1 0.0007516648189186
9 1 0.0008514693182963
10 1 0.0009513148795220
11 1 0.0010511898020814
12 1 0.0011510864433221
13 1 0.0012509996003197
14 1 0.0013509256086106
15 1 0.0014508618128547
16 1 0.0015508062419271
17 1 0.0016507574019219
18 1 0.0017507141400012
19 1 0.0018506755523322
20 1 0.0019506409203131
21 1 0.0020506096654410
22 1 0.0021505813167607
23 1 0.0022505554869854
24 1 0.0023505318547086
25 1 0.0024505101509686
26 1 0.0025504901489714
27 1 0.0026504716561397
28 1 0.0027504545078950
29 1 0.0028504385627478
30 1 0.0029504236983864
31 1 0.0030504098085339
32 1 0.0031503968004047
33 1 0.0032503845926290
34 1 0.0033503731135502
35 1 0.0034503622998172
36 1 0.0035503520952153
37 1 0.0036503424496888
38 1 0.0037503333185198
39 1 0.0038503246616357
40 1 0.0039503164430207
41 1 0.0040503086302157
42 1 0.0041503011938894
43 1 0.0042502941074707
44 1 0.0043502873468312
45 1 0.0044502808900113
46 1 0.0045502747169814
47 1 0.0046502688094346
48 1 0.0047502631506054
49 1 0.0048502577251111
50 1 0.0049502525188115
51 1 0.0050502475186866
52 1 0.0051502427127272
53 1 0.0052502380898394
54 1 0.0053502336397582
55 1 0.0054502293529722
56 1 0.0055502252206555
57 1 0.0056502212346067
58 1 0.0057502173871950
59 1 0.0058502136713115
60 1 0.0059502100803249
61 1 0.0060502066080424
62 1 0.0061502032486740
63 1 0.0062501999968001
64 1 0.0063501968473426
65 1 0.0064501937955382
66 1 0.0065501908369146
67 1 0.0066501879672683
68 1 0.0067501851826450
69 1 0.0068501824793213
70 1 0.0069501798537880
71 1 0.0070501773027350
72 1 0.0071501748230375
73 1 0.0072501724117430
74 1 0.0073501700660597
75 1 0.0074501677833456
76 1 0.0075501655610986
77 1 0.0076501633969478
78 1 0.0077501612886443
79 1 0.0078501592340538
80 1 0.0079501572311496
81 1 0.0080501552780055
82 1 0.0081501533727900
83 1 0.0082501515137602
84 1 0.0083501496992569
85 1 0.0084501479276993
86 1 0.0085501461975805
87 1 0.0086501445074634
88 1 0.0087501428559767
89 1 0.0088501412418108
90 1 0.0089501396637148
91 1 0.0090501381204930
92 1 0.0091501366110020
93 1 0.0092501351341480
94 1 0.0093501336888838
95 1 0.0094501322742065
96 1 0.0095501308891554
97 1 0.0096501295328094
98 1 0.0097501282042853
99 1 0.0098501269027358
100 1 0.0099501256273476
1 2 0.0001581138830084
2 2 0.0002121320343560
3 2 0.0002915475947423
4 2 0.0003807886552932
5 2 0.0004743416490253
6 2 0.0005700877125496
7 2 0.0006670832032063
8 2 0.0007648529270389
9 2 0.0008631338250816
10 2 0.0009617692030836
11 2 0.0010606601717798
12 2 0.0011597413504743
13 2 0.0012589678312014
14 2 0.0013583077707206
15 2 0.0014577379737113
16 2 0.0015572411502397
17 2 0.0016568041525781
18 2 0.0017564168070250
19 2 0.0018560711193271
20 2 0.0019557607215608
21 2 0.0020554804791094
22 2 0.0021552262062252
23 2 0.0022549944567559
24 2 0.0023547823678633
25 2 0.0024545875417267
26 2 0.0025544079548890
27 2 0.0026542418879974
28 2 0.0027540878707841
29 2 0.0028539446385661
30 2 0.0029538110975484
31 2 0.0030536862969205
32 2 0.0031535694062443
33 2 0.0032534596969995
34 2 0.0033533565274214
35 2 0.0034532593299664
36 2 0.0035531676008880
37 2 0.0036530808915216
38 2 0.0037529988009590
39 2 0.0038529209698617
40 2 0.0039528470752105
41 2 0.0040527768258319
42 2 0.0041527099585692
43 2 0.0042526462349930
44 2 0.0043525854385641
45 2 0.0044525273721786
46 2 0.0045524718560360
47 2 0.0046524187257812
48 2 0.0047523678308818
49 2 0.0048523190332046
50 2 0.0049522722057658
51 2 0.0050522272316277
52 2 0.0051521840029254
53 2 0.0052521424200035
54 2 0.0053521023906499
55 2 0.0054520638294136
56 2 0.0055520266569965
57 2 0.0056519907997094
58 2 0.0057519561889848
59 2 0.0058519227609393
60 2 0.0059518904559812
61 2 0.0060518592184551
62 2 0.0061518289963230
63 2 0.0062517997408746
64 2 0.0063517714064661
65 2 0.0064517439502820
66 2 0.0065517173321199
67 2 0.0066516915141940
68 2 0.0067516664609561
69 2 0.0068516421389328
70 2 0.0069516185165758
71 2 0.0070515955641259
72 2 0.0071515732534877
73 2 0.0072515515581150
74 2 0.0073515304529057
75 2 0.0074515099141047
76 2 0.0075514899192146
77 2 0.0076514704469141
78 2 0.0077514514769816
79 2 0.0078514329902254
80 2 0.0079514149684191
81 2 0.0080513973942416
82 2 0.0081513802512213
83 2 0.0082513635236850
84 2 0.0083513471967102
85 2 0.0084513312560803
86 2 0.0085513156882435
87 2 0.0086513004802746
88 2 0.0087512856198390
89 2 0.0088512710951592
90 2 0.0089512568949841
91 2 0.0090512430085597
92 2 0.0091512294256018
93 2 0.0092512161362710
94 2 0.0093512031311484
95 2 0.0094511904012140
96 2 0.0095511779378253
97 2 0.0096511657326978
98 2 0.0097511537778870
99 2 0.0098511420657709
100 2 0.0099511305890336
1 3 0.0002549509756796
2 3 0.0002915475947423
3 3 0.0003535533905933
4 3 0.0004301162633521
5 3 0.0005147815070493
6 3 0.0006041522986797
7 3 0.0006964194138592
8 3 0.0007905694150421
9 3 0.0008860022573335
10 3 0.0009823441352194
11 3 0.0010793516572461
12 3 0.0011768602295940
13 3 0.0012747548783982
14 3 0.0013729530217746
15 3 0.0014713938969562
16 3 0.0015700318468108
17 3 0.0016688319268279
18 3 0.0017677669529664
19 3 0.0018668154702594
20 3 0.0019659603251338
21 3 0.0020651876428063
22 3 0.0021644860821913
23 3 0.0022638462845344
24 3 0.0023632604596193
25 3 0.0024627220712050
26 3 0.0025622255950638
27 3 0.0026617663308412
28 3 0.0027613402542968
29 3 0.0028609439001840
30 3 0.0029605742686175
31 3 0.0030602287496199
32 3 0.0031599050618650
33 3 0.0032596012026013
34 3 0.0033593154064482
35 3 0.0034590461112856
36 3 0.0035587919298548
37 3 0.0036585516259853
38 3 0.0037583240945932
39 3 0.0038581083447721
40 3 0.0039579034854327
41 3 0.0040577087130547
42 3 0.0041575233011975
43 3 0.0042573465914816
44 3 0.0043571779858069
45 3 0.0044570169396133
46 3 0.0045568629560258
47 3 0.0046567155807500
48 3 0.0047565743976101
49 3 0.0048564390246352
50 3 0.0049563091106185
51 3 0.0050561843320828
52 3 0.0051560643905987
53 3 0.0052559490104072
54 3 0.0053558379363084
55 3 0.0054557309317817
56 3 0.0055556277773083
57 3 0.0056555282688711
58 3 0.0057554322166107
59 3 0.0058553394436190
60 3 0.0059552497848537
61 3 0.0060551630861604
62 3 0.0061550792033897
63 3 0.0062549980015984
64 3 0.0063549193543270
65 3 0.0064548431429431
66 3 0.0065547692560456
67 3 0.0066546975889217
68 3 0.0067546280430531
69 3 0.0068545605256646
70 3 0.0069544949493116
71 3 0.0070544312315027
72 3 0.0071543692943543
73 3 0.0072543090642735
74 3 0.0073542504716660
75 3 0.0074541934506692
76 3 0.0075541379389047
77 3 0.0076540838772514
78 3 0.0077540312096354
79 3 0.0078539798828365
80 3 0.0079539298463087
81 3 0.0080538810520146
82 3 0.0081538334542717
83 3 0.0082537870096096
84 3 0.0083537416766381
85 3 0.0084536974159240
86 3 0.0085536541898770
87 3 0.0086536119626431
88 3 0.0087535707000058
89 3 0.0088535303692934
90 3 0.0089534909392929
91 3 0.0090534523801697
92 3 0.0091534146633920
93 3 0.0092533777616609
94 3 0.0093533416488440
95 3 0.0094533062999143
96 3 0.0095532716908921
97 3 0.0096532377987906
98 3 0.0097532046015656
99 3 0.0098531720780670
100 3 0.0099531402079947
1 4 0.0003535533905933
2 4 0.0003807886552932
3 4 0.0004301162633521
4 4 0.0004949747468306
5 4 0.0005700877125496
6 4 0.0006519202405203
7 4 0.0007382411530117
8 4 0.0008276472678623
9 4 0.0009192388155425
10 4 0.0010124228365658
11 4 0.0011067971810589
12 4 0.0012020815280171
13 4 0.0012980754985747
14 4 0.0013946325680981
15 4 0.0014916433890176
16 4 0.0015890248582071
17 4 0.0016867127793433
18 4 0.0017846568297575
19 4 0.0018828170383763
20 4 0.0019811612756159
21 4 0.0020796634343085
22 4 0.0021783020910792
23 4 0.0022770595073471
24 4 0.0023759208741033
25 4 0.0024748737341529
26 4 0.0025739075352467
27 4 0.0026730132809247
28 4 0.0027721832551258
29 4 0.0028714108030722
30 4 0.0029706901555026
31 4 0.0030700162866018
32 4 0.0031693847983481
33 4 0.0032687918257362
34 4 0.0033682339586199
35 4 0.0034677081768799
36 4 0.0035672117963474
37 4 0.0036667424234598
38 4 0.0037662979170533
39 4 0.0038658763560155
40 4 0.0039654760117797
41 4 0.0040650953248356
42 4 0.0041647328845918
43 4 0.0042643874120441
44 4 0.0043640577448059
45 4 0.0044637428241331
46 4 0.0045634416836419
47 4 0.0046631534394656
48 4 0.0047628772816439
49 4 0.0048626124665657
50 4 0.0049623583103198
51 4 0.0050621141828291
52 4 0.0051618795026618
53 4 0.0052616537324305
54 4 0.0053614363747041
55 4 0.0054612269683653
56 4 0.0055610250853597
57 4 0.0056608303277876
58 4 0.0057606423252967
59 4 0.0058604607327411
60 4 0.0059602852280742
61 4 0.0060601155104503
62 4 0.0061599512985088
63 4 0.0062597923288237
64 4 0.0063596383544978
65 4 0.0064594891438875
66 4 0.0065593444794430
67 4 0.0066592041566542
68 4 0.0067590679830876
69 4 0.0068589357775095
70 4 0.0069588073690827
71 4 0.0070586825966323
72 4 0.0071585613079724
73 4 0.0072584433592885
74 4 0.0073583286145700
75 4 0.0074582169450881
76 4 0.0075581082289155
77 4 0.0076580023504828
78 4 0.0077578992001701
79 4 0.0078577986739290
80 4 0.0079577006729331
81 4 0.0080576051032549
82 4 0.0081575118755660
83 4 0.0082574209048589
84 4 0.0083573321101892
85 4 0.0084572454144361
86 4 0.0085571607440786
87 4 0.0086570780289888
88 4 0.0087569972022378
89 4 0.0088569181999158
90 4 0.0089568409609639
91 4 0.0090567654270164
92 4 0.0091566915422548
93 4 0.0092566192532695
94 4 0.0093565485089321
95 4 0.0094564792602744
96 4 0.0095564114603757
97 4 0.0096563450642570
98 4 0.0097562800287815
99 4 0.0098562163125613
100 4 0.0099561538758699
1 5 0.0004527692569069
2 5 0.0004743416490253
3 5 0.0005147815070493
4 5 0.0005700877125496
5 5 0.0006363961030679
6 5 0.0007106335201776
7 5 0.0007905694150421
8 5 0.0008746427842268
9 5 0.0009617692030836
10 5 0.0010511898020814
11 5 0.0011423659658796
12 5 0.0012349089035228
13 5 0.0013285330255586
14 5 0.0014230249470758
15 5 0.0015182226450689
16 5 0.0016140012391569
17 5 0.0017102631376487
18 5 0.0018069310999593
19 5 0.0019039432764660
20 5 0.0020012496096190
21 5 0.0020988091861815
22 5 0.0021965882636489
23 5 0.0022945587811168
24 5 0.0023926972228011
25 5 0.0024909837414162
26 5 0.0025894014752448
27 5 0.0026879360111431
28 5 0.0027865749586186
29 5 0.0028853076092507
30 5 0.0029841246622754
31 5 0.0030830180018936
32 5 0.0031819805153395
33 5 0.0032810059433046
34 5 0.0033800887562311
35 5 0.0034792240514230
36 5 0.0035784074670166
37 5 0.0036776351096867
38 5 0.0037769034936043
39 5 0.0038762094886629
40 5 0.0039755502763768
41 5 0.0040749233121618
42 5 0.0041743262929484
43 5 0.0042737571292716
44 5 0.0043732139211340
45 5 0.0044726949370598
46 5 0.0045721985958617
47 5 0.0046717234507192
48 5 0.0047712681752339
49 5 0.0048708315511830
50 5 0.0049704124577343
51 5 0.0050700098619233
52 5 0.0051696228102251
53 5 0.0052692504210751
54 5 0.0053688918782184
55 5 0.0054685464247824
56 5 0.0055682133579812
57 5 0.0056678920243773
58 5 0.0057675818156312
59 5 0.0058672821646824
60 5 0.0059669925423114
61 5 0.0060667124540397
62 5 0.0061664414373283
63 5 0.0062661790590439
64 5 0.0063659249131607
65 5 0.0064656786186757
66 5 0.0065654398177121
67 5 0.0066652081737932
68 5 0.0067649833702678
69 5 0.0068647651088730
70 5 0.0069645531084198
71 5 0.0070643471035900
72 5 0.0071641468438328
73 5 0.0072639520923530
74 5 0.0073637626251801
75 5 0.0074635782303129
76 5 0.0075633987069306
77 5 0.0076632238646669
78 5 0.0077630535229380
79 5 0.0078628875103234
80 5 0.0079627256639922
81 5 0.0080625678291720
82 5 0.0081624138586573
83 5 0.0082622636123522
84 5 0.0083621169568477
85 5 0.0084619737650267
86 5 0.0085618339156982
87 5 0.0086616972932561
88 5 0.0087615637873612
89 5 0.0088614332926452
90 5 0.0089613057084333
91 5 0.0090611809384870
92 5 0.0091610588907615
93 5 0.0092609394771805
94 5 0.0093608226134245
95 5 0.0094607082187329
96 5 0.0095605962157179
97 5 0.0096604865301909
98 5 0.0097603790909985
99 5 0.0098602738298690
100 5 0.0099601706812685
1 6 0.0005522680508594
2 6 0.0005700877125496
3 6 0.0006041522986797
4 6 0.0006519202405203
5 6 0.0007106335201776
6 6 0.0007778174593052
7 6 0.0008514693182963
8 6 0.0009300537618869
9 6 0.0010124228365658
10 6 0.0010977249200050
11 6 0.0011853269591130
12 6 0.0012747548783982
13 6 0.0013656500283748
14 6 0.0014577379737113
15 6 0.0015508062419271
16 6 0.0016446884203399
17 6 0.0017392527130926
18 6 0.0018343936327844
19 6 0.0019300259065619
20 6 0.0020260799589355
21 6 0.0021224985276791
22 6 0.0022192341021172
23 6 0.0023162469643801
24 6 0.0024135036772294
25 6 0.0025109759058979
26 6 0.0026086394921491
27 6 0.0027064737205449
28 6 0.0028044607324760
29 6 0.0029025850547400
30 6 0.0030008332176247
31 6 0.0030991934434623
32 6 0.0031976553910639
33 6 0.0032962099447699
34 6 0.0033948490393536
35 6 0.0034935655139127
36 6 0.0035923529893372
37 6 0.0036912057650583
38 6 0.0037901187316494
39 6 0.0038890872965260
40 6 0.0039881073205219
41 6 0.0040871750635372
42 6 0.0041862871377869
43 6 0.0042854404674432
44 6 0.0043846322536788
45 6 0.0044838599442891
46 6 0.0045831212072124
47 6 0.0046824139073773
48 6 0.0047817360864021
49 6 0.0048810859447463
50 6 0.0049804618259756
51 6 0.0050798622028555
52 6 0.0051792856650314
53 6 0.0052787309080877
54 6 0.0053781967238099
55 6 0.0054776819914997
56 6 0.0055771856702104
57 6 0.0056767067917940
58 6 0.0057762444546608
59 6 0.0058757978181690
60 6 0.0059753660975709
61 6 0.0060749485594530
62 6 0.0061745445176142
63 6 0.0062741533293346
64 6 0.0063737743919910
65 6 0.0064734071399843
66 6 0.0065730510419439
67 6 0.0066727055981813
68 6 0.0067723703383675
69 6 0.0068720448194115
70 6 0.0069717286235194
71 6 0.0070714213564177
72 6 0.0071711226457229
73 6 0.0072708321394459
74 6 0.0073705495046163
75 6 0.0074702744260168
76 6 0.0075700066050169
77 6 0.0076697457584981
78 6 0.0077694916178602
79 6 0.0078692439281039
80 6 0.0079690024469817
81 6 0.0080687669442115
82 6 0.0081685372007478
83 6 0.0082683130081051
84 6 0.0083680941677302
85 6 0.0084678804904179
86 6 0.0085676717957681
87 6 0.0086674679116799
88 6 0.0087672686738801
89 6 0.0088670739254841
90 6 0.0089668835165848
91 6 0.0090666973038698
92 6 0.0091665151502629
93 6 0.0092663369245889
94 6 0.0093661625012595
95 6 0.0094659917599795
96 6 0.0095658245854709
97 6 0.0096656608672144
98 6 0.0097655004992064
99 6 0.0098653433797309
100 6 0.0099651894111452
1 7 0.0006519202405203
2 7 0.0006670832032063
3 7 0.0006964194138592
4 7 0.0007382411530117
5 7 0.0007905694150421
6 7 0.0008514693182963
7 7 0.0009192388155425
8 7 0.0009924716620640
9 7 0.0010700467279516
10 7 0.0011510864433221
11 7 0.0012349089035228
12 7 0.0013209844813623
13 7 0.0014089002803605
14 7 0.0014983324063772
15 7 0.0015890248582071
16 7 0.0016807736313972
17 7 0.0017734147850968
18 7 0.0018668154702594
19 7 0.0019608671551128
20 7 0.0020554804791094
21 7 0.0021505813167607
22 7 0.0022461077445216
23 7 0.0023420076857261
24 7 0.0024382370680473
25 7 0.0025347583711273
26 7 0.0026315394733882
27 7 0.0027285527299285
28 7 0.0028257742301890
29 7 0.0029231831964487
30 7 0.0030207614933986
31 7 0.0031184932259025
32 7 0.0032163644072151
33 7 0.0033143626838353
34 7 0.0034124771061503
35 7 0.0035106979363084
36 7 0.0036090164865237
37 7 0.0037074249823833
38 7 0.0038059164467970
39 7 0.0039044846010709
40 7 0.0040031237802496
41 7 0.0041018288603987
42 7 0.0042005951959216
43 7 0.0042994185653411
44 7 0.0043982951242498
45 7 0.0044972213643538
46 7 0.0045961940777126
47 7 0.0046952103254274
48 7 0.0047942674101472
49 7 0.0048933628518637
50 7 0.0049924943665466
51 7 0.0050916598472404
52 7 0.0051908573472982
53 7 0.0052900850654786
54 7 0.0053893413326677
55 7 0.0054886246000250
56 7 0.0055879334283794
57 7 0.0056872664787224
58 7 0.0057866225036717
59 7 0.0058860003397893
60 7 0.0059853989006582
61 7 0.0060848171706305
62 7 0.0061842541991739
63 7 0.0062837090957491
64 7 0.0063831810251629
65 7 0.0064826692033452
66 7 0.0065821728935056
67 7 0.0066816914026315
68 7 0.0067812240782915
69 7 0.0068807703057143
70 7 0.0069803295051165
71 7 0.0070799011292531
72 7 0.0071794846611717
73 7 0.0072790796121488
74 7 0.0073786855197928
75 7 0.0074783019462977
76 7 0.0075779284768332
77 7 0.0076775647180600
78 7 0.0077772102967581
79 7 0.0078768648585589
80 7 0.0079765280667719
81 7 0.0080761996012976
82 7 0.0081758791576197
83 7 0.0082755664458694
84 7 0.0083752611899570
85 7 0.0084749631267634
86 7 0.0085746720053889
87 7 0.0086743875864524
88 7 0.0087741096414394
89 7 0.0088738379520927
90 7 0.0089735723098441
91 7 0.0090733125152835
92 7 0.0091730583776623
93 7 0.0092728097144285
94 7 0.0093725663507921
95 7 0.0094723281193168
96 7 0.0095720948595383
97 7 0.0096718664176052
98 7 0.0097716426459424
99 7 0.0098714234029344
100 7 0.0099712085526279
1 8 0.0007516648189186
2 8 0.0007648529270389
3 8 0.0007905694150421
4 8 0.0008276472678623
5 8 0.0008746427842268
6 8 0.0009300537618869
7 8 0.0009924716620640
8 8 0.0010606601717798
9 8 0.0011335784048755
10 8 0.0012103718436910
11 8 0.0012903487900564
12 8 0.0013729530217746
13 8 0.0014577379737113
14 8 0.0015443445211481
15 8 0.0016324827717315
16 8 0.0017219175357723
17 8 0.0018124568960392
18 8 0.0019039432764660
19 8 0.0019962464777677
20 8 0.0020892582415776
21 8 0.0021828879952943
22 8 0.0022770595073471
23 8 0.0023717082451263
24 8 0.0024667792767088
25 8 0.0025622255950638
26 8 0.0026580067720004
27 8 0.0027540878707841
28 8 0.0028504385627478
29 8 0.0029470324056583
30 8 0.0030438462510449
31 8 0.0031408597549079
32 8 0.0032380549717384
33 8 0.0033354160160316
34 8 0.0034329287787544
35 8 0.0035305806887819
36 8 0.0036283605113053
37 8 0.0037262581767773
38 8 0.0038242646351946
39 8 0.0039223717314910
40 8 0.0040205720985949
41 8 0.0041188590653238
42 8 0.0042172265767919
43 8 0.0043156691254080
44 8 0.0044141816908686
45 8 0.0045127596878185
46 8 0.0046113989200675
47 8 0.0047100955404323
48 8 0.0048088460154178
49 8 0.0049076470940768
50 8 0.0050064957804836
51 8 0.0051053893093475
52 8 0.0052043251243557
53 8 0.0053033008588991
54 8 0.0054023143188822
55 8 0.0055013634673597
56 8 0.0056004464107783
57 8 0.0056995613866332
58 8 0.0057987067523716
59 8 0.0058978809754012
60 8 0.0059970826240765
61 8 0.0060963103595536
62 8 0.0061955629284190
63 8 0.0062948391560071
64 8 0.0063941379403325
65 8 0.0064934582465740
66 8 0.0065927991020507
67 8 0.0066921595916416
68 8 0.0067915388536031
69 8 0.0068909360757447
70 8 0.0069903504919281
71 8 0.0070897813788579
72 8 0.0071892280531362
73 8 0.0072886898685566
74 8 0.0073881662136149
75 8 0.0074876565092157
76 8 0.0075871602065595
77 8 0.0076866767851914
78 8 0.0077862057511987
79 8 0.0078857466355444
80 8 0.0079852989925237
81 8 0.0080848623983343
82 8 0.0081844364497502
83 8 0.0082840207628904
84 8 0.0083836149720750
85 8 0.0084832187287609
86 8 0.0085828317005520
87 8 0.0086824535702761
88 8 0.0087820840351251
89 8 0.0088817228058525
90 8 0.0089813696060233
91 8 0.0090810241713146
92 8 0.0091806862488596
93 8 0.0092803555966353
94 8 0.0093800319828879
95 8 0.0094797151855950
96 8 0.0095794049919606
97 8 0.0096791011979419
98 8 0.0097788036078040
99 8 0.0098785120337022
100 8 0.0099782262952892
1 9 0.0008514693182963
2 9 0.0008631338250816
3 9 0.0008860022573335
4 9 0.0009192388155425
5 9 0.0009617692030836
6 9 0.0010124228365658
7 9 0.0010700467279516
8 9 0.0011335784048755
9 9 0.0012020815280171
10 9 0.0012747548783982
11 9 0.0013509256086106
12 9 0.0014300349646075
13 9 0.0015116216457831
14 9 0.0015953056133544
15 9 0.0016807736313972
16 9 0.0017677669529664
17 9 0.0018560711193271
18 9 0.0019455076458344
19 9 0.0020359273071502
20 9 0.0021272047386183
21 9 0.0022192341021172
22 9 0.0023119256043394
23 9 0.0024052026941611
24 9 0.0024989997999200
25 9 0.0025932604959780
26 9 0.0026879360111431
27 9 0.0027829840100151
28 9 0.0028783675929249
29 9 0.0029740544715926
30 9 0.0030700162866018
31 9 0.0031662280397975
32 9 0.0032626676202151
33 9 0.0033593154064482
34 9 0.0034561539317571
35 9 0.0035531676008880
36 9 0.0036503424496888
37 9 0.0037476659402887
38 9 0.0038451267859461
39 9 0.0039427148007433
40 9 0.0040404207701674
41 9 0.0041382363393117
42 9 0.0042361539159950
43 9 0.0043341665865539
44 9 0.0044322680424361
45 9 0.0045304525160297
46 9 0.0046287147244132
47 9 0.0047270498199194
48 9 0.0048254533465779
49 9 0.0049239212016441
50 9 0.0050224496015391
51 9 0.0051210350516277
52 9 0.0052196743193422
53 9 0.0053183644102299
54 9 0.0054171025465649
55 9 0.0055158861482086
56 9 0.0056147128154519
57 9 0.0057135803136037
58 9 0.0058124865591242
59 9 0.0059114296071255
60 9 0.0060104076400857
61 9 0.0061094189576424
62 9 0.0062084619673475
63 9 0.0063075351762792
64 9 0.0064066371834216
65 9 0.0065057666727297
66 9 0.0066049224068115
67 9 0.0067041032211624
68 9 0.0068033080188979
69 9 0.0069025357659341
70 9 0.0070017854865741
71 9 0.0071010562594589
72 9 0.0072003472138502
73 9 0.0072996575262131
74 9 0.0073989864170709
75 9 0.0074983331481070
76 9 0.0075976970194922
77 9 0.0076970773674168
78 9 0.0077964735618099
79 9 0.0078958850042285
80 9 0.0079953111259037
81 9 0.0080947513859290
82 9 0.0081942052695792
83 9 0.0082936722867497
84 9 0.0083931519705055
85 9 0.0084926438757315
86 9 0.0085921475778760
87 9 0.0086916626717792
88 9 0.0087911887705816
89 9 0.0088907255047043
90 9 0.0089902725208972
91 9 0.0090898294813489
92 9 0.0091893960628542
93 9 0.0092889719560347
94 9 0.0093885568646092
95 9 0.0094881505047085
96 9 0.0095877526042342
97 9 0.0096873629022557
98 9 0.0097869811484441
99 9 0.0098866071025403
100 9 0.0099862405338546
1 10 0.0009513148795220
2 10 0.0009617692030836
3 10 0.0009823441352194
4 10 0.0010124228365658
5 10 0.0010511898020814
6 10 0.0010977249200050
7 10 0.0011510864433221
8 10 0.0012103718436910
9 10 0.0012747548783982
10 10 0.0013435028842544
11 10 0.0014159802258506
12 10 0.0014916433890176
13 10 0.0015700318468108
14 10 0.0016507574019219
15 10 0.0017334935823360
16 10 0.0018179658962698
17 10 0.0019039432764660
18 10 0.0019912307751740
19 10 0.0020796634343085
20 10 0.0021691011963484
21 10 0.0022594247055390
22 10 0.0023505318547086
23 10 0.0024423349483640
24 10 0.0025347583711273
25 10 0.0026277366686942
26 10 0.0027212129648376
27 10 0.0028151376520518
28 10 0.0029094673051952
29 10 0.0030041637771600
30 10 0.0030991934434623
31 10 0.0031945265689927
32 10 0.0032901367752724
33 10 0.0033860005906674
34 10 0.0034820970692960
35 10 0.0035784074670166
36 10 0.0036749149650026
37 10 0.0037716044331292
38 10 0.0038684622267769
39 10 0.0039654760117797
40 10 0.0040626346131544
41 10 0.0041599278839903
42 10 0.0042573465914816
43 10 0.0043548823175833
44 10 0.0044525273721786
45 10 0.0045502747169814
46 10 0.0046481178986768
47 10 0.0047460509900337
48 10 0.0048440685379131
49 10 0.0049421655172606
50 10 0.0050403372903011
51 10 0.0051385795702704
52 10 0.0052368883891105
53 10 0.0053352600686377
54 10 0.0054336911947589
55 10 0.0055321785943695
56 10 0.0056307193146169
57 10 0.0057293106042525
58 10 0.0058279498968334
59 10 0.0059266347955648
60 10 0.0060253630596006
61 10 0.0061241325916410
62 10 0.0062229414266888
63 10 0.0063217877218394
64 10 0.0064206697469968
65 10 0.0065195858764188
66 10 0.0066185345810081
67 10 0.0067175144212722
68 10 0.0068165240408877
69 10 0.0069155621608080
70 10 0.0070146275738631
71 10 0.0071137191398030
72 10 0.0072128357807453
73 10 0.0073119764769862
74 10 0.0074111402631444
75 10 0.0075103262246057
76 10 0.0076095334942426
77 10 0.0077087612493837
78 10 0.0078080087090115
79 10 0.0079072751311688
80 10 0.0080065598105553
81 10 0.0081058620763001
82 10 0.0082051812898924
83 10 0.0083045168432607
84 10 0.0084038681569858
85 10 0.0085032346786385
86 10 0.0086026158812305
87 10 0.0087020112617716
88 10 0.0088014203399224
89 10 0.0089008426567376
90 10 0.0090002777734912
91 10 0.0090997252705782
92 10 0.0091991847464871
93 10 0.0092986558168372
94 10 0.0093981381134776
95 10 0.0094976312836412
96 10 0.0095971349891517
97 10 0.0096966489056787
98 10 0.0097961727220379
99 10 0.0098957061395334
100 10 0.0099952488713388
1 11 0.0010511898020814
2 11 0.0010606601717798
3 11 0.0010793516572461
4 11 0.0011067971810589
5 11 0.0011423659658796
6 11 0.0011853269591130
7 11 0.0012349089035228
8 11 0.0012903487900564
9 11 0.0013509256086106
10 11 0.0014159802258506
11 11 0.0014849242404917
12 11 0.0015572411502397
13 11 0.0016324827717315
14 11 0.0017102631376487
15 11 0.0017902513789968
16 11 0.0018721645226849
17 11 0.0019557607215608
18 11 0.0020408331631959
19 11 0.0021272047386183
20 11 0.0022147234590350
21 11 0.0023032585612562
22 11 0.0023926972228011
23 11 0.0024829418035870
24 11 0.0025739075352467
25 11 0.0026655205870524
26 11 0.0027577164466275
27 11 0.0028504385627478
28 11 0.0029436372059070
29 11 0.0030372685096975
30 11 0.0031312936623702
31 11 0.0032256782232579
32 11 0.0033203915431768
33 11 0.0034154062715876
34 11 0.0035106979363084
35 11 0.0036062445840514
36 11 0.0037020264720826
37 11 0.0037980258029666
38 11 0.0038942264957242
39 11 0.0039906139878470
40 11 0.0040871750635372
41 11 0.0041838977042944
42 11 0.0042807709586008
43 11 0.0043777848279695
44 11 0.0044749301670529
45 11 0.0045721985958617
46 11 0.0046695824224442
47 11 0.0047670745746212
48 11 0.0048646685395821
49 11 0.0049623583103198
50 11 0.0050601383380299
51 11 0.0051580034897235
52 11 0.0052559490104072
53 11 0.0053539704892724
54 11 0.0054520638294136
55 11 0.0055502252206555
56 11 0.0056484511151288
57 11 0.0057467382052778
58 11 0.0058450834040243
59 11 0.0059434838268477
60 11 0.0060419367755712
61 11 0.0061404397236680
62 11 0.0062389903029256
63 11 0.0063375862913257
64 11 0.0064362256020124
65 11 0.0065349062732376
66 11 0.0066336264591851
67 11 0.0067323844215850
68 11 0.0068311785220414
69 11 0.0069300072150035
70 11 0.0070288690413181
71 11 0.0071277626223100
72 11 0.0072266866543389
73 11 0.0073256399037900
74 11 0.0074246212024587
75 11 0.0075236294432940
76 11 0.0076226635764672
77 11 0.0077217226057402
78 11 0.0078208055851044
79 11 0.0079199116156684
80 11 0.0080190398427742
81 11 0.0081181894533202
82 11 0.0082173596732771
83 11 0.0083165497653775
84 11 0.0084157590269684
85 11 0.0085149867880109
86 11 0.0086142324092167
87 11 0.0087134952803109
88 11 0.0088127748184099
89 11 0.0089120704665078
90 11 0.0090113816920603
91 11 0.0091107079856617
92 11 0.0092100488598053
93 11 0.0093094038477230
94 11 0.0094087725022981
95 11 0.0095081543950443
96 11 0.0096075491151490
97 11 0.0097069562685736
98 11 0.0098063754772087
99 11 0.0099058063780795
100 11 0.0100052486225980
1 12 0.0011510864433221
2 12 0.0011597413504743
3 12 0.0011768602295940
4 12 0.0012020815280171
5 12 0.0012349089035228
6 12 0.0012747548783982
7 12 0.0013209844813623
8 12 0.0013729530217746
9 12 0.0014300349646075
10 12 0.0014916433890176
11 12 0.0015572411502397
12 12 0.0016263455967291
13 12 0.0016985287751463
14 12 0.0017734147850968
15 12 0.0018506755523322
16 12 0.0019300259065619
17 12 0.0020112185361119
18 12 0.0020940391591372
19 12 0.0021783020910792
20 12 0.0022638462845344
21 12 0.0023505318547086
22 12 0.0024382370680473
23 12 0.0025268557536987
24 12 0.0026162950903902
25 12 0.0027064737205449
26 12 0.0027973201461399
27 12 0.0028887713651309
28 12 0.0029807717121578
29 12 0.0030732718721259
30 12 0.0031662280397975
31 12 0.0032596012026013
32 12 0.0033533565274214
33 12 0.0034474628351876
34 12 0.0035418921496850
35 12 0.0036366193091936
36 12 0.0037316216314091
37 12 0.0038268786236305
38 12 0.0039223717314910
39 12 0.0040180841205729
40 12 0.0041140004861448
41 12 0.0042101068870042
42 12 0.0043063906000269
43 12 0.0044028399925503
44 12 0.0044994444101467
45 12 0.0045961940777126
46 12 0.0046930800121029
47 12 0.0047900939447990
48 12 0.0048872282533150
49 12 0.0049844759002326
50 12 0.0050818303789088
51 12 0.0051792856650314
52 12 0.0052768361733145
53 12 0.0053744767187141
54 12 0.0054722024816339
55 12 0.0055700089766534
56 12 0.0056678920243773
57 12 0.0057658477260504
58 12 0.0058638724406317
59 12 0.0059619627640568
60 12 0.0060601155104503
61 12 0.0061583276950809
62 12 0.0062565965188751
63 12 0.0063549193543270
64 12 0.0064532937326609
65 12 0.0065517173321199
66 12 0.0066501879672683
67 12 0.0067487035792069
68 12 0.0068472622266129
69 12 0.0069458620775250
70 12 0.0070445014018027
71 12 0.0071431785641968
72 12 0.0072418920179743
73 12 0.0073406402990475
74 12 0.0074394220205605
75 12 0.0075382358678938
76 12 0.0076370805940490
77 12 0.0077359550153811
78 12 0.0078348580076476
79 12 0.0079337885023487
80 12 0.0080327454833326
81 12 0.0081317279836453
82 12 0.0082307350826035
83 12 0.0083297659030731
84 12 0.0084288196089369
85 12 0.0085278954027357
86 12 0.0086269925234696
87 12 0.0087261102445477
88 12 0.0088252478718731
89 12 0.0089244047420542
90 12 0.0090235802207328
91 12 0.0091227737010188
92 12 0.0092219846020257
93 12 0.0093212123674981
94 12 0.0094204564645244
95 12 0.0095197163823299
96 12 0.0096189916311430
97 12 0.0097182817411310
98 12 0.0098175862613985
99 12 0.0099169047590465
100 12 0.0100162368182866
1 13 0.0012509996003197
2 13 0.0012589678312014
3 13 0.0012747548783982
4 13 0.0012980754985747
5 13 0.0013285330255586
6 13 0.0013656500283748
7 13 0.0014089002803605
8 13 0.0014577379737113
9 13 0.0015116216457831
10 13 0.0015700318468108
11 13 0.0016324827717315
12 13 0.0016985287751463
13 13 0.0017677669529664
14 13 0.0018398369492974
15 13 0.0019144189719077
16 13 0.0019912307751740
17 13 0.0020700241544484
18 13 0.0021505813167607
19 13 0.0022327113561766
20 13 0.0023162469643801
21 13 0.0024010414407086
22 13 0.0024869660230892
23 13 0.0025739075352467
24 13 0.0026617663308412
25 13 0.0027504545078950
26 13 0.0028398943642326
27 13 0.0029300170647967
28 13 0.0030207614933986
29 13 0.0031120732639191
30 13 0.0032039038687202
31 13 0.0032962099447699
32 13 0.0033889526405661
33 13 0.0034820970692960
34 13 0.0035756118357562
35 13 0.0036694686263818
36 13 0.0037636418533118
37 13 0.0038581083447721
38 13 0.0039528470752105
39 13 0.0040478389296018
40 13 0.0041430664971733
41 13 0.0042385138905045
42 13 0.0043341665865539
43 13 0.0044300112866673
44 13 0.0045260357930533
45 13 0.0046222288995678
46 13 0.0047185802949616
47 13 0.0048150804770014
48 13 0.0049117206760971
49 13 0.0050084927872565
50 13 0.0051053893093475
51 13 0.0052024032907878
52 13 0.0052995282808944
53 13 0.0053967582862307
54 13 0.0054940877313709
55 13 0.0055915114235777
56 13 0.0056890245209526
57 13 0.0057866225036717
58 13 0.0058843011479699
59 13 0.0059820565025750
60 13 0.0060798848673310
61 13 0.0061777827737790
62 13 0.0062757469674932
63 13 0.0063737743919910
64 13 0.0064718621740578
65 13 0.0065700076103457
66 13 0.0066682081551193
67 13 0.0067664614090380
68 13 0.0068647651088730
69 13 0.0069631171180729
70 13 0.0070615154180955
71 13 0.0071599581004361
72 13 0.0072584433592885
73 13 0.0073569694847811
74 13 0.0074555348567356
75 13 0.0075541379389047
76 13 0.0076527772736439
77 13 0.0077514514769816
78 13 0.0078501592340538
79 13 0.0079488992948710
80 13 0.0080476704703908
81 13 0.0081464716288710
82 13 0.0082453016924792
83 13 0.0083441596341393
84 13 0.0084430444745956
85 13 0.0085419552796769
86 13 0.0086408911577452
87 13 0.0087398512573155
88 13 0.0088388347648318
89 13 0.0089378409025894
90 13 0.0090368689267910
91 13 0.0091359181257277
92 13 0.0092349878180753
93 13 0.0093340773512972
94 13 0.0094331861001467
95 13 0.0095323134652612
96 13 0.0096314588718428
97 13 0.0097306217684175
98 13 0.0098298016256688
99 13 0.0099289979353407
100 13 0.0100282102092048
1 14 0.0013509256086106
2 14 0.0013583077707206
3 14 0.0013729530217746
4 14 0.0013946325680981
5 14 0.0014230249470758
6 14 0.0014577379737113
7 14 0.0014983324063772
8 14 0.0015443445211481
9 14 0.0015953056133544
10 14 0.0016507574019219
11 14 0.0017102631376487
12 14 0.0017734147850968
13 14 0.0018398369492974
14 14 0.0019091883092037
15 14 0.0019811612756159
16 14 0.0020554804791094
17 14 0.0021319005605328
18 14 0.0022102036105300
19 14 0.0022901964981198
20 14 0.0023717082451263
21 14 0.0024545875417267
22 14 0.0025387004549572
23 14 0.0026239283526804
24 14 0.0027101660465735
25 14 0.0027973201461399
26 14 0.0028853076092507
27 14 0.0029740544715926
28 14 0.0030634947364081
29 14 0.0031535694062443
30 14 0.0032442256395017
31 14 0.0033354160160316
32 14 0.0034270978976388
33 14 0.0035192328709536
34 14 0.0036117862616716
35 14 0.0037047267105685
36 14 0.0037980258029666
37 14 0.0038916577444580
38 14 0.0039855990766759
39 14 0.0040798284277651
40 14 0.0041743262929484
41 14 0.0042690748412273
42 14 0.0043640577448059
43 14 0.0044592600283007
44 14 0.0045546679352067
45 14 0.0046502688094346
46 14 0.0047460509900337
47 14 0.0048420037174707
48 14 0.0049381170500506
49 14 0.0050343817892568
50 14 0.0051307894129461
51 14 0.0052273320154741
52 14 0.0053240022539439
53 14 0.0054207932998778
54 14 0.0055176987956937
55 14 0.0056147128154519
56 14 0.0057118298293979
57 14 0.0058090446718888
58 14 0.0059063525123379
59 14 0.0060037488288569
60 14 0.0061012293843126
61 14 0.0061987902045480
62 14 0.0062964275585446
63 14 0.0063941379403325
64 14 0.0064919180524711
65 14 0.0065897647909466
66 14 0.0066876752313491
67 14 0.0067856466162039
68 14 0.0068836763433503
69 14 0.0069817619552660
70 14 0.0070799011292531
71 14 0.0071780916684032
72 14 0.0072763314932732
73 14 0.0073746186342075
74 14 0.0074729512242487
75 14 0.0075713274925868
76 14 0.0076697457584981
77 14 0.0077682044257344
78 14 0.0078667019773219
79 14 0.0079652369707373
80 14 0.0080638080334294
81 14 0.0081624138586573
82 14 0.0082610532016202
83 14 0.0083597248758557
84 14 0.0084584277498835
85 14 0.0085571607440786
86 14 0.0086559228277521
87 14 0.0087547130164272
88 14 0.0088535303692934
89 14 0.0089523739868261
90 14 0.0090512430085597
91 14 0.0091501366110020
92 14 0.0092490540056808
93 14 0.0093479944373111
94 14 0.0094469571820772
95 14 0.0095459415460184
96 14 0.0096449468635136
97 14 0.0097439724958561
98 14 0.0098430178299138
99 14 0.0099420822768674
100 14 0.0100411652710231
1 15 0.0014508618128547
2 15 0.0014577379737113
3 15 0.0014713938969562
4 15 0.0014916433890176
5 15 0.0015182226450689
6 15 0.0015508062419271
7 15 0.0015890248582071
8 15 0.0016324827717315
9 15 0.0016807736313972
10 15 0.0017334935823360
11 15 0.0017902513789968
12 15 0.0018506755523322
13 15 0.0019144189719077
14 15 0.0019811612756159
15 15 0.0020506096654410
16 15 0.0021224985276791
17 15 0.0021965882636489
18 15 0.0022726636354727
19 15 0.0023505318547086
20 15 0.0024300205760446
21 15 0.0025109759058979
22 15 0.0025932604959780
23 15 0.0026767517628648
24 15 0.0027613402542968
25 15 0.0028469281690974
26 15 0.0029334280287745
27 15 0.0030207614933986
28 15 0.0031088583113420
29 15 0.0031976553910639
30 15 0.0032870959827787
31 15 0.0033771289581537
32 15 0.0034677081768799
33 15 0.0035587919298548
34 15 0.0036503424496888
35 15 0.0037423254802328
36 15 0.0038347098977628
37 15 0.0039274673773311
38 15 0.0040205720985949
39 15 0.0041140004861448
40 15 0.0042077309799938
41 15 0.0043017438324475
42 15 0.0043960209280667
43 15 0.0044905456238635
44 15 0.0045853026072442
45 15 0.0046802777695346
46 15 0.0047754580932095
47 15 0.0048708315511830
48 15 0.0049663870167356
49 15 0.0050621141828291
50 15 0.0051580034897235
51 15 0.0052540460599428
52 15 0.0053502336397582
53 15 0.0054465585464585
54 15 0.0055430136207662
55 15 0.0056395921838374
56 15 0.0057362879983488
57 15 0.0058330952332360
58 15 0.0059300084316972
59 15 0.0060270224821217
60 15 0.0061241325916410
61 15 0.0062213342620374
62 15 0.0063186232677696
63 15 0.0064159956359087
64 15 0.0065134476277928
65 15 0.0066109757222365
66 15 0.0067085766001440
67 15 0.0068062471303943
68 15 0.0069039843568768
69 15 0.0070017854865741
70 15 0.0070996478785923
71 15 0.0071975690340559
72 15 0.0072955465867884
73 15 0.0073935782947095
74 15 0.0074916620318858
75 15 0.0075897957811788
76 15 0.0076879776274388
77 15 0.0077862057511987
78 15 0.0078844784228254
79 15 0.0079827939970915
80 15 0.0080811509081318
81 15 0.0081795476647551
82 15 0.0082779828460803
83 15 0.0083764550974741
84 15 0.0084749631267634
85 15 0.0085735057007038
86 15 0.0086720816416821
87 15 0.0087706898246375
88 15 0.0088693291741822
89 15 0.0089679986619089
90 15 0.0090666973038698
91 15 0.0091654241582155
92 15 0.0092641783229815
93 15 0.0093629589340123
94 15 0.0094617651630127
95 15 0.0095605962157179
96 15 0.0096594513301740
97 15 0.0097583297751203
98 15 0.0098572308484685
99 15 0.0099561538758699
100 15 0.0100550982093662
1 16 0.0015508062419271
2 16 0.0015572411502397
3 16 0.0015700318468108
4 16 0.0015890248582071
5 16 0.0016140012391569
6 16 0.0016446884203399
7 16 0.0016807736313972
8 16 0.0017219175357723
9 16 0.0017677669529664
10 16 0.0018179658962698
11 16 0.0018721645226849
12 16 0.0019300259065619
13 16 0.0019912307751740
14 16 0.0020554804791094
15 16 0.0021224985276791
16 16 0.0021920310216783
17 16 0.0022638462845344
18 16 0.0023377339455122
19 16 0.0024135036772294
20 16 0.0024909837414162
21 16 0.0025700194551793
22 16 0.0026504716561397
23 16 0.0027322152184629
24 16 0.0028151376520518
25 16 0.0028991378028648
26 16 0.0029841246622754
27 16 0.0030700162866018
28 16 0.0031567388235329
29 16 0.0032442256395017
30 16 0.0033324165405903
31 16 0.0034212570789112
32 16 0.0035106979363084
33 16 0.0036006943774778
34 16 0.0036912057650584
35 16 0.0037821951298155
36 16 0.0038736287896493
37 16 0.0039654760117797
38 16 0.0040577087130547
39 16 0.0041503011938894
40 16 0.0042432299018554
41 16 0.0043364732214093
42 16 0.0044300112866673
43 16 0.0045238258145070
44 16 0.0046178999556075
45 16 0.0047122181613334
46 16 0.0048067660646218
47 16 0.0049015303732610
48 16 0.0049964987741417
49 16 0.0050916598472404
50 16 0.0051870029882390
51 16 0.0052825183388229
52 16 0.0053781967238099
53 16 0.0054740295943665
54 16 0.0055700089766534
55 16 0.0056661274253232
56 16 0.0057623779813546
57 16 0.0058587541337728
58 16 0.0059552497848537
59 16 0.0060518592184551
60 16 0.0061485770711604
61 16 0.0062453983059530
62 16 0.0063423181881706
63 16 0.0064393322635193
64 16 0.0065364363379444
65 16 0.0066336264591851
66 16 0.0067308988998499
67 16 0.0068282501418738
68 16 0.0069256768622280
69 16 0.0070231759197674
70 16 0.0071207443431147
71 16 0.0072183793194872
72 16 0.0073160781843827
73 16 0.0074138384120508
74 16 0.0075116576066804
75 16 0.0076095334942426
76 16 0.0077074639149334
77 16 0.0078054468161663
78 16 0.0079034802460688
79 16 0.0080015623474419
80 16 0.0080996913521442
81 16 0.0081978655758679
82 16 0.0082960834132740
83 16 0.0083943433334597
84 16 0.0084926438757315
85 16 0.0085909836456601
86 16 0.0086893613113968
87 16 0.0087877756002301
88 16 0.0088862252953659
89 16 0.0089847092329134
90 16 0.0090832262990636
91 16 0.0091817754274432
92 16 0.0092803555966353
93 16 0.0093789658278512
94 16 0.0094776051827453
95 16 0.0095762727613618
96 16 0.0096749677002045
97 16 0.0097736891704208
98 16 0.0098724363760928
99 16 0.0099712085526279
100 16 0.0100700049652421
1 17 0.0016507574019219
2 17 0.0016568041525781
3 17 0.0016688319268279
4 17 0.0016867127793433
5 17 0.0017102631376487
6 17 0.0017392527130926
7 17 0.0017734147850968
8 17 0.0018124568960392
9 17 0.0018560711193271
10 17 0.0019039432764660
11 17 0.0019557607215608
12 17 0.0020112185361119
13 17 0.0020700241544484
14 17 0.0021319005605328
15 17 0.0021965882636489
16 17 0.0022638462845344
17 17 0.0023334523779156
18 17 0.0024052026941611
19 17 0.0024789110512481
20 17 0.0025544079548890
21 17 0.0026315394733882
22 17 0.0027101660465735
23 17 0.0027901612856607
24 17 0.0028714108030722
25 17 0.0029538110975484
26 17 0.0030372685096975
27 17 0.0031216982557576
28 17 0.0032070235421649
29 17 0.0032931747600150
30 17 0.0033800887562311
31 17 0.0034677081768799
32 17 0.0035559808773389
33 17 0.0036448593937215
34 17 0.0037343004699676
35 17 0.0038242646351946
36 17 0.0039147158262127
37 17 0.0040056210504739
38 17 0.0040969500851243
39 17 0.0041886752082251
40 17 0.0042807709586008
