100 100 10000
1 1 0.0000000000004720
2 1 0.0000000000472070
3 1 0.0000000007181198
4 1 0.0000000047217272
5 1 0.0000000198422181
6 1 0.0000000632327947
7 1 0.0000001670273525
8 1 0.0000003852047736
9 1 0.0000008015840257
10 1 0.0000015387485753
11 1 0.0000027675933960
12 1 0.0000047170571840
13 1 0.0000076834490337
14 1 0.0000120386089197
15 1 0.0000182359650401
16 1 0.0000268133831380
17 1 0.0000383915627898
18 1 0.0000536666473499
19 1 0.0000733957054278
20 1 0.0000983738422036
21 1 0.0001294019378952
22 1 0.0001672444139109
23 1 0.0002125770124136
24 1 0.0002659253474569
25 1 0.0003275959334625
26 1 0.0003976024858314
27 1 0.0004755914602026
28 1 0.0005607719662949
29 1 0.0006518562495303
30 1 0.0007470177487886
31 1 0.0008438741702617
32 1 0.0009395029249755
33 1 0.0010304955373010
34 1 0.0011130561544240
35 1 0.0011831470359387
36 1 0.0012366809116492
37 1 0.0012697564792265
38 1 0.0012789292736185
39 1 0.0012615059624291
40 1 0.0012158461602353
41 1 0.0011416525081516
42 1 0.0010402274397844
43 1 0.0009146741245637
44 1 0.0007700198392384
45 1 0.0006132426412778
46 1 0.0004531867201966
47 1 0.0003003580213914
48 1 0.0001665993252698
49 1 0.0000646524078673
50 1 0.0000076235619712
51 1 0.0000083768974743
52 1 0.0000788867346761
53 1 0.0002295853876944
54 1 0.0004687451764091
55 1 0.0008019332703659
56 1 0.0012315748612059
57 1 0.0017566543417923
58 1 0.0023725760471456
59 1 0.0030711963021441
60 1 0.0038410277935624
61 1 0.0046676064873322
62 1 0.0055340012902808
63 1 0.0064214381701962
64 1 0.0073100041080227
65 1 0.0081793924674920
66 1 0.0090096503057588
67 1 0.0097818897542513
68 1 0.0104789295979801
69 1 0.0110858391248059
70 1 0.0115903636328040
71 1 0.0119832190417588
72 1 0.0122582512212119
73 1 0.0124124633433818
74 1 0.0124459213128500
75 1 0.0123615527609083
76 1 0.0121648590061856
77 1 0.0118635617000447
78 1 0.0114672066477411
79 1 0.0109867466816481
80 1 0.0104341236946658
81 1 0.0098218673001210
82 1 0.0091627243657807
83 1 0.0084693301619839
84 1 0.0077539283260666
85 1 0.0070281434924846
86 1 0.0063028074341954
87 1 0.0055878370161523
88 1 0.0048921602352843
89 1 0.0042236851271139
90 1 0.0035893053345200
91 1 0.0029949356091264
92 1 0.0024455703825822
93 1 0.0019453587267570
94 1 0.0014976894401106
95 1 0.0011052805781191
96 1 0.0007702684231189
97 1 0.0004942916091345
98 1 0.0002785668387228
99 1 0.0001239533230174
100 1 0.0000310037266002
1 2 0.0000000000472070
2 2 0.0000000003444072
3 2 0.0000000021859240
4 2 0.0000000099438908
5 2 0.0000000344889526
6 2 0.0000000979520673
7 2 0.0000002398054105
8 2 0.0000005241885556
9 2 0.0000010483448347
10 2 0.0000019519470870
11 2 0.0000034269801472
12 2 0.0000057277098290
13 2 0.0000091801079995
14 2 0.0000141899273492
15 2 0.0000212484385234
16 2 0.0000309346719986
17 2 0.0000439128678917
18 2 0.0000609237538470
19 2 0.0000827682729206
20 2 0.0001102825006387
21 2 0.0001443027531290
22 2 0.0001856203222700
23 2 0.0002349258966394
24 2 0.0002927445428652
25 2 0.0003593631168630
26 2 0.0004347531117997
27 2 0.0005184931670119
28 2 0.0006096966699819
29 2 0.0007069509668150
30 2 0.0008082755201052
31 2 0.0009111067700122
32 2 0.0010123173199010
33 2 0.0011082762552328
34 2 0.0011949558233708
35 2 0.0012680873179855
36 2 0.0013233658627964
37 2 0.0013566999984379
38 2 0.0013644977564829
39 2 0.0013439765552326
40 2 0.0012934801426459
41 2 0.0012127823568787
42 2 0.0011033550962649
43 2 0.0009685769741513
44 2 0.0008138599829715
45 2 0.0006466742822032
46 2 0.0004764559686985
47 2 0.0003143892114804
48 2 0.0001730620723461
49 2 0.0000660041509478
50 2 0.0000071232155352
51 2 0.0000100664568111
52 2 0.0000875391727460
53 2 0.0002506188653035
54 2 0.0005081053565817
55 2 0.0008659472670973
56 2 0.0013267819456744
57 2 0.0018896198669742
58 2 0.0025496960429811
59 2 0.0032985007708209
60 2 0.0041239908608956
61 2 0.0050109712369340
62 2 0.0059416263499021
63 2 0.0068961719912797
64 2 0.0078535914610186
65 2 0.0087924160644394
66 2 0.0096915087639834
67 2 0.0105308114366819
68 2 0.0112920203044353
69 2 0.0119591602479048
70 2 0.0125190362955802
71 2 0.0129615489428077
72 2 0.0132798684451699
73 2 0.0134704712454099
74 2 0.0135330487317999
75 2 0.0134703042176016
76 2 0.0132876581504197
77 2 0.0129928840260820
78 2 0.0125956983451813
79 2 0.0121073273713311
80 2 0.0115400716680533
81 2 0.0109068866940693
82 2 0.0102209944309095
83 2 0.0094955374001167
84 2 0.0087432827683117
85 2 0.0079763807610170
86 2 0.0072061784816622
87 2 0.0064430875766020
88 2 0.0056965020634531
89 2 0.0049747610651157
90 2 0.0042851501438162
91 2 0.0036339343582287
92 2 0.0030264160032341
93 2 0.0024670101574333
94 2 0.0019593315773874
95 2 0.0015062870630615
96 2 0.0011101681080682
97 2 0.0007727393844442
98 2 0.0004953193511751
99 2 0.0002788499879867
100 2 0.0001239533230174
1 3 0.0000000007181198
2 3 0.0000000021859240
3 3 0.0000000073956590
4 3 0.0000000233508651
5 3 0.0000000652638734
6 3 0.0000001617910807
7 3 0.0000003615849867
8 3 0.0000007410782272
9 3 0.0000014133478504
10 3 0.0000025378159092
11 3 0.0000043304236308
12 3 0.0000070737717423
13 3 0.0000111265526940
14 3 0.0000169314189053
15 3 0.0000250202464754
16 3 0.0000360155825887
17 3 0.0000506269285977
18 3 0.0000696404355975
19 3 0.0000939006049261
20 3 0.0001242827238937
21 3 0.0001616550576694
22 3 0.0002068302874985
23 3 0.0002605063500867
24 3 0.0003231976958332
25 3 0.0003951590283028
26 3 0.0004763047739624
27 3 0.0005661287930717
28 3 0.0006636300850999
29 3 0.0007672513446038
30 3 0.0008748380451844
31 3 0.0009836261182161
32 3 0.0010902661006175
33 3 0.0011908907230134
34 3 0.0012812312062847
35 3 0.0013567849993550
36 3 0.0014130343686125
37 3 0.0014457112724939
38 3 0.0014510995496069
39 3 0.0014263609297849
40 3 0.0013698671311110
41 3 0.0012815167628164
42 3 0.0011630133506623
43 3 0.0010180799351106
44 3 0.0008525866725620
45 3 0.0006745708718549
46 3 0.0004941339270090
47 3 0.0003232064744349
48 3 0.0001751814232111
49 3 0.0000644237165643
50 3 0.0000056750789094
51 3 0.0000133808040803
52 3 0.0001009730590614
53 3 0.0002801504990780
54 3 0.0005601966492268
55 3 0.0009473791533582
56 3 0.0014444685286461
57 3 0.0020504086755452
58 3 0.0027601625233300
59 3 0.0035647455119662
60 3 0.0044514479545041
61 3 0.0054042356053845
62 3 0.0064043068884693
63 3 0.0074307760329928
64 3 0.0084614444805614
65 3 0.0094736187979785
66 3 0.0104449321470158
67 3 0.0113541280595400
68 3 0.0121817695505506
69 3 0.0129108429906991
70 3 0.0135272340409770
71 3 0.0140200616466106
72 3 0.0143818649146552
73 3 0.0146086460371252
74 3 0.0146997797490019
75 3 0.0146578057433726
76 3 0.0144881247697461
77 3 0.0141986217316926
78 3 0.0137992400280890
79 3 0.0133015308127526
80 3 0.0127181990271651
81 3 0.0120626652877941
82 3 0.0113486592998470
83 3 0.0105898567314536
84 3 0.0097995676943347
85 3 0.0089904813714163
86 3 0.0081744680866826
87 3 0.0073624373489113
88 3 0.0065642481853381
89 3 0.0057886664320142
90 3 0.0050433625433321
91 3 0.0043349428729382
92 3 0.0036690071914373
93 3 0.0030502253619866
94 3 0.0024824265097879
95 3 0.0019686946163306
96 3 0.0015114651733964
97 3 0.0011126182862998
98 3 0.0007735643747963
99 3 0.0004953193511751
100 3 0.0002785668387228
1 4 0.0000000047217272
2 4 0.0000000099438908
3 4 0.0000000233508651
4 4 0.0000000558321206
5 4 0.0000001284892982
6 4 0.0000002783486439
7 4 0.0000005653830501
8 4 0.0000010807448043
9 4 0.0000019560369266
10 4 0.0000033733519088
11 4 0.0000055756806236
12 4 0.0000088771423642
13 4 0.0000136723137138
14 4 0.0000204437473558
15 4 0.0000297665846496
16 4 0.0000423089953656
17 4 0.0000588270470091
18 4 0.0000801525418736
19 4 0.0001071723930443
20 4 0.0001407982732257
21 4 0.0001819255933086
22 4 0.0002313813766306
23 4 0.0002898613056919
24 4 0.0003578571315126
25 4 0.0004355767326117
26 4 0.0005228603469101
27 4 0.0006190978041422
28 4 0.0007231528584708
29 4 0.0008333018344959
30 4 0.0009471946080505
31 4 0.0010618462894015
32 4 0.0011736677083416
33 4 0.0012785417878862
34 4 0.0013719510474648
35 4 0.0014491587711257
36 4 0.0015054428642684
37 4 0.0015363772485599
38 4 0.0015381510499837
39 4 0.0015079111507876
40 4 0.0014441093065690
41 4 0.0013468314222810
42 4 0.0012180841862983
43 4 0.0010620134866983
44 4 0.0008850301915234
45 4 0.0006958221371135
46 4 0.0005052365293158
47 4 0.0003260242142908
48 4 0.0001724460082095
49 4 0.0000597508944739
50 4 0.0000035456686395
51 4 0.0000190847218764
52 4 0.0001205162881597
53 4 0.0003201269025796
54 4 0.0006276284505397
55 4 0.0010495316762543
56 4 0.0015886462782375
57 4 0.0022437409492746
58 4 0.0030093873915112
59 4 0.0038760011578891
60 4 0.0048300800084589
61 4 0.0058546282752744
62 4 0.0069297444450778
63 4 0.0080333396404868
64 4 0.0091419475812734
65 4 0.0102315823832250
66 4 0.0112785993908838
67 4 0.0122605160693621
68 4 0.0131567544888152
69 4 0.0139492736189418
70 4 0.0146230678719950
71 4 0.0151665173862042
72 4 0.0155715847222154
73 4 0.0158338613082533
74 4 0.0159524745782056
75 4 0.0159298729039820
76 4 0.0157715098882464
77 4 0.0154854522700761
78 4 0.0150819366591838
79 4 0.0145728997252307
80 4 0.0139715045838554
81 4 0.0132916832486342
82 4 0.0125477114861098
83 4 0.0117538285383832
84 4 0.0109239102522379
85 4 0.0100712004158942
86 4 0.0092081017385591
87 4 0.0083460250393900
88 4 0.0074952929103843
89 4 0.0066650924012340
90 4 0.0058634701216257
91 4 0.0050973625154274
92 4 0.0043726538589539
93 4 0.0036942546885014
94 4 0.0030661937845379
95 4 0.0024917174492451
96 4 0.0019733905372883
97 4 0.0015131944753577
98 4 0.0011126182862998
99 4 0.0007727393844442
100 4 0.0004942916091345
1 5 0.0000000198422181
2 5 0.0000000344889526
3 5 0.0000000652638734
4 5 0.0000001284892982
5 5 0.0000002530009194
6 5 0.0000004863384051
7 5 0.0000009022316567
8 5 0.0000016092661549
9 5 0.0000027605308781
10 5 0.0000045639459555
11 5 0.0000072928337541
12 5 0.0000112961382522
13 5 0.0000170075182929
14 5 0.0000249523496382
15 5 0.0000357514822642
16 5 0.0000501204317278
17 5 0.0000688625604604
18 5 0.0000928547548204
19 5 0.0001230241582996
20 5 0.0001603147132370
21 5 0.0002056426236680
22 5 0.0002598404055499
23 5 0.0003235899518893
24 5 0.0003973460076612
25 5 0.0004812526001078
26 5 0.0005750562556569
27 5 0.0006780211783005
28 5 0.0007888528596502
29 5 0.0009056377053854
30 5 0.0010258070439564
31 5 0.0011461341698174
32 5 0.0012627727099472
33 5 0.0013713434584461
34 5 0.0014670748142038
35 5 0.0015449990611980
36 5 0.0016002030133316
37 5 0.0016281271646599
38 5 0.0016249026992606
39 5 0.0015877108728057
40 5 0.0015151448029108
41 5 0.0014075500619748
42 5 0.0012673181185745
43 5 0.0010991060362246
44 5 0.0009099572251572
45 5 0.0007093016185954
46 5 0.0005088193878672
47 5 0.0003221599901750
48 5 0.0001645175187870
49 5 0.0000520733704651
50 5 0.0000013273898637
51 5 0.0000283480498345
52 5 0.0001479800374005
53 5 0.0003730530827176
54 5 0.0007136384061729
55 5 0.0011763984156676
56 5 0.0017640711906535
57 5 0.0024751240661171
58 5 0.0033036007840945
59 5 0.0042391749546526
60 5 0.0052674098717237
61 5 0.0063702120510334
62 5 0.0075264541730597
63 5 0.0087127332944168
64 5 0.0099042229252420
65 5 0.0110755733088526
66 5 0.0122018131659162
67 5 0.0132592081915988
68 5 0.0142260363885888
69 5 0.0150832473512081
70 5 0.0158149812194836
71 5 0.0164089324638946
72 5 0.0168565532109673
73 5 0.0171530998107532
74 5 0.0172975342267317
75 5 0.0172922981902030
76 5 0.0171429826598642
77 5 0.0168579178785414
78 5 0.0164477102838806
79 5 0.0159247518886009
80 5 0.0153027257664735
81 5 0.0145961282830462
82 5 0.0138198250353179
83 5 0.0129886534423026
84 5 0.0121170808560368
85 5 0.0112189231882010
86 5 0.0103071255610076
87 5 0.0093936035212640
88 5 0.0084891409742445
89 5 0.0076033392184007
90 5 0.0067446102700848
91 5 0.0059202070048170
92 5 0.0051362824327529
93 5 0.0043979705843586
94 5 0.0037094819187615
95 5 0.0030742067968054
96 5 0.0024948213075689
97 5 0.0019733905372883
98 5 0.0015114651733964
99 5 0.0011101681080682
100 5 0.0007702684231189
1 6 0.0000000632327947
2 6 0.0000000979520673
3 6 0.0000001617910807
4 6 0.0000002783486439
5 6 0.0000004863384051
6 6 0.0000008462543183
7 6 0.0000014483087904
8 6 0.0000024215053901
9 6 0.0000039436208882
10 6 0.0000062517575288
11 6 0.0000096529854944
12 6 0.0000145344298689
13 6 0.0000213719718021
14 6 0.0000307365399551
15 6 0.0000432967803701
16 6 0.0000598167305186
17 6 0.0000811470113955
18 6 0.0001082080195694
19 6 0.0001419636815631
20 6 0.0001833845590671
21 6 0.0002333994960662
22 6 0.0002928356020253
23 6 0.0003623471812837
24 6 0.0004423352431250
25 6 0.0005328604327699
26 6 0.0006335535572090
27 6 0.0007435292583065
28 6 0.0008613096962859
29 6 0.0009847662104073
30 6 0.0011110876621137
31 6 0.0012367843734862
32 6 0.0013577360932850
33 6 0.0014692911246920
34 6 0.0015664215524454
35 6 0.0016439364012746
36 6 0.0016967506185915
37 6 0.0017202031773642
38 6 0.0017104126168144
39 6 0.0016646533491232
40 6 0.0015817315020922
41 6 0.0014623354220558
42 6 0.0013093337045857
43 6 0.0011279931729408
44 6 0.0009260908969649
45 6 0.0007138982916387
46 6 0.0005040215125278
47 6 0.0003110905162906
48 6 0.0001512988040459
49 6 0.0000418063491064
50 6 0.0000000287220942
51 6 0.0000428450868082
52 6 0.0001857656805381
53 6 0.0004421048416532
54 6 0.0008222080144226
55 6 0.0013327801033336
56 6 0.0019763580158213
57 6 0.0027509624789824
58 6 0.0036499537870600
59 6 0.0046621038175856
60 6 0.0057718833975471
61 6 0.0069599509358570
62 6 0.0082038161728860
63 6 0.0094786428258638
64 6 0.0107581465313442
65 6 0.0120155402537015
66 6 0.0132244784138549
67 6 0.0143599532882037
68 6 0.0153991023753539
69 6 0.0163218928666391
70 6 0.0171116583874152
71 6 0.0177554730364074
72 6 0.0182443576832510
73 6 0.0185733228030123
74 6 0.0187412602639769
75 6 0.0187507030274343
76 6 0.0186074764196331
77 6 0.0183202674167061
78 6 0.0179001393129561
79 6 0.0173600184137875
80 6 0.0167141772880612
81 6 0.0159777359651090
82 6 0.0151661986222001
83 6 0.0142950391206879
84 6 0.0133793445201724
85 6 0.0124335216850477
86 6 0.0114710684913886
87 6 0.0105044080757002
88 6 0.0095447821119229
89 6 0.0086021972774955
90 6 0.0076854178481909
91 6 0.0068019966874230
92 6 0.0059583366900148
93 6 0.0051597749130268
94 6 0.0044106820847013
95 6 0.0037145708387857
96 6 0.0030742067968054
97 6 0.0024917174492451
98 6 0.0019686946163306
99 6 0.0015062870630615
100 6 0.0011052805781191
1 7 0.0000001670273525
2 7 0.0000002398054105
3 7 0.0000003615849867
4 7 0.0000005653830501
5 7 0.0000009022316567
6 7 0.0000014483087904
7 7 0.0000023133073904
8 7 0.0000036498787037
9 7 0.0000056638914492
10 7 0.0000086251266824
11 7 0.0000128778799034
12 7 0.0000188507699330
13 7 0.0000270648650176
14 7 0.0000381390415038
15 7 0.0000527913051183
16 7 0.0000718346505174
17 7 0.0000961659374964
18 7 0.0001267462525830
19 7 0.0001645713358998
20 7 0.0002106309186676
21 7 0.0002658562668372
22 7 0.0003310558837531
23 7 0.0004068401994588
24 7 0.0004935371580300
25 7 0.0005911018754992
26 7 0.0006990249200995
27 7 0.0008162451740428
28 7 0.0009410745521941
29 7 0.0010711429320070
30 7 0.0012033723270455
31 7 0.0013339894438971
32 7 0.0014585851410727
33 7 0.0015722278316097
34 7 0.0016696354645146
35 7 0.0017454073837662
36 7 0.0017943131886978
37 7 0.0018116308999692
38 7 0.0017935215688639
39 7 0.0017374223460699
40 7 0.0016424354120909
41 7 0.0015096865629749
42 7 0.0013426251291582
43 7 0.0011472367050392
44 7 0.0009321421872436
45 7 0.0007085609977028
46 7 0.0004901230359295
47 7 0.0002925225712247
48 7 0.0001330174370136
49 7 0.0000297878205118
50 7 0.0000011798058756
51 7 0.0000648687151663
52 7 0.0002369853052597
53 7 0.0005312532362949
54 7 0.0009581883383575
55 7 0.0015244087397773
56 7 0.0022320998595485
57 7 0.0030786699018448
58 7 0.0040566204122813
59 7 0.0051536434970315
60 7 0.0063529434663838
61 7 0.0076337670139565
62 7 0.0089721136216628
63 7 0.0103415876029013
64 7 0.0117143457706065
65 7 0.0130620905884154
66 7 0.0143570579875513
67 7 0.0155729516761564
68 7 0.0166857813406657
69 7 0.0176745700441410
70 7 0.0185219056309476
71 7 0.0192143212556143
72 7 0.0197425004828461
73 7 0.0201013120490336
74 7 0.0202896877542445
75 7 0.0203103636491480
76 7 0.0201695094500308
77 7 0.0198762738851429
78 7 0.0194422745290168
79 7 0.0188810598251858
80 7 0.0182075687289273
81 7 0.0174376100700999
82 7 0.0165873797089738
83 7 0.0156730291888466
84 7 0.0147102951942293
85 7 0.0137141949642679
86 7 0.0126987890862859
87 7 0.0116770099368179
88 7 0.0106605515180436
89 7 0.0096598145723511
90 7 0.0086838996187210
91 7 0.0077406398805991
92 7 0.0068366658831777
93 7 0.0059774936946460
94 7 0.0051676292748590
95 7 0.0044106820847013
96 7 0.0037094819187615
97 7 0.0030661937845379
98 7 0.0024824265097879
99 7 0.0019593315773874
100 7 0.0014976894401106
1 8 0.0000003852047736
2 8 0.0000005241885556
3 8 0.0000007410782272
4 8 0.0000010807448043
5 8 0.0000016092661549
6 8 0.0000024215053901
7 8 0.0000036498787037
8 8 0.0000054741185864
9 8 0.0000081317358752
10 8 0.0000119287547006
11 8 0.0000172501389124
12 8 0.0000245691508428
13 8 0.0000344546909309
14 8 0.0000475754719047
15 8 0.0000646997010291
16 8 0.0000866888007965
17 8 0.0001144836197476
18 8 0.0001490816023728
19 8 0.0001915035340679
20 8 0.0002427487874014
21 8 0.0003037384989336
22 8 0.0003752468223500
23 8 0.0004578213406723
24 8 0.0005516948652931
25 8 0.0006566921653771
26 8 0.0007721365918494
27 8 0.0008967629888630
28 8 0.0010286445953176
29 8 0.0011651426770997
30 8 0.0013028882279668
31 8 0.0014378050609574
32 8 0.0015651828248550
33 8 0.0016798067988365
34 8 0.0017761486776891
35 8 0.0018486189731804
36 8 0.0018918772333902
37 8 0.0019011912359674
38 8 0.0018728309642997
39 8 0.0018044779422904
40 8 0.0016956258672317
41 8 0.0015479449550086
42 8 0.0013655804933380
43 8 0.0011553562096622
44 8 0.0009268554948130
45 8 0.0006923583975667
46 8 0.0004666195199567
47 8 0.0002664811677885
48 8 0.0001103267886472
49 8 0.0000173911106671
50 8 0.0000069545926302
51 8 0.0000974598631249
52 8 0.0003055958474230
53 8 0.0006454004628610
54 8 0.0011274345235622
55 8 0.0017580775271598
56 8 0.0025389903120474
57 8 0.0034667805132555
58 8 0.0045328949501975
59 8 0.0057237494371772
60 8 0.0070210920668581
61 8 0.0084025818899913
62 8 0.0098425521722142
63 8 0.0113129169818022
64 8 0.0127841724614606
65 8 0.0142264401966898
66 8 0.0156104997446181
67 8 0.0169087604648673
68 8 0.0180961288687255
69 8 0.0191507361383290
70 8 0.0200545004920785
71 8 0.0207935098573707
72 8 0.0213582210469980
73 8 0.0217434815964938
74 8 0.0219483890177299
75 8 0.0219760090395016
76 8 0.0218329792010848
77 8 0.0215290268796436
78 8 0.0210764315644817
79 8 0.0204894601652141
80 8 0.0197838016721151
81 8 0.0189760239420368
82 8 0.0180830711444616
83 8 0.0171218158352198
84 8 0.0161086750551478
85 8 0.0150592955450054
86 8 0.0139883093275976
87 8 0.0129091576664350
88 8 0.0118339788364749
89 8 0.0107735532495505
90 8 0.0097372982327368
91 8 0.0087333040964345
92 8 0.0077684029629931
93 8 0.0068482620579808
94 8 0.0059774936946460
95 8 0.0051597749130268
96 8 0.0043979705843586
97 8 0.0036942546885014
98 8 0.0030502253619866
99 8 0.0024670101574333
100 8 0.0019453587267570
1 9 0.0000008015840257
2 9 0.0000010483448347
3 9 0.0000014133478504
4 9 0.0000019560369266
5 9 0.0000027605308781
6 9 0.0000039436208882
7 9 0.0000056638914492
8 9 0.0000081317358752
9 9 0.0000116199269642
10 9 0.0000164742663124
11 9 0.0000231236736277
12 9 0.0000320888949141
13 9 0.0000439888143079
14 9 0.0000595431619880
15 9 0.0000795702384310
16 9 0.0001049781470609
17 9 0.0001367479716627
18 9 0.0001759073841596
19 9 0.0002234933567358
20 9 0.0002805030129610
21 9 0.0003478322137410
22 9 0.0004262022539989
23 9 0.0005160760482623
24 9 0.0006175663902913
25 9 0.0007303402401538
26 9 0.0008535244485860
27 9 0.0009856197684606
28 9 0.0011244312920843
29 9 0.0012670244315197
30 9 0.0014097160530261
31 9 0.0015481102114823
32 9 0.0016771869499698
33 9 0.0017914507169916
34 9 0.0018851420549114
35 9 0.0019525123574765
36 9 0.0019881568112222
37 9 0.0019873953637075
38 9 0.0019466860468789
39 9 0.0018640496654648
40 9 0.0017394802423890
41 9 0.0015753122243413
42 9 0.0013765137928178
43 9 0.0011508761176426
44 9 0.0009090713096420
45 9 0.0006645572656588
46 9 0.0004333154165946
47 9 0.0002334172121642
48 9 0.0000844263995194
49 9 0.0000066559787991
50 9 0.0000203102174525
51 9 0.0001445522974209
52 9 0.0003965461193355
53 9 0.0007905256997412
54 9 0.0013369469012857
55 9 0.0020417736555248
56 9 0.0029059444295167
57 9 0.0039250548441112
58 9 0.0050892797744348
59 9 0.0063835438968813
60 9 0.0077879345937626
61 9 0.0092783365411043
62 9 0.0108272542859480
63 9 0.0124047786106543
64 9 0.0139796451900426
65 9 0.0155203303882415
66 9 0.0169961291165823
67 9 0.0183781632763709
68 9 0.0196402759672799
69 9 0.0207597756722391
70 9 0.0217180052200038
71 9 0.0225007216133197
72 9 0.0230982839575776
73 9 0.0235056569907939
74 9 0.0237222465054846
75 9 0.0237515898493002
76 9 0.0236009294666147
77 9 0.0232807000532211
78 9 0.0228039604577400
79 9 0.0221858002218651
80 9 0.0214427479427290
81 9 0.0205922048499540
82 9 0.0196519225151277
83 9 0.0186395388304787
84 9 0.0175721816398169
85 9 0.0164661449507197
86 9 0.0153366387053571
87 9 0.0141976097703743
88 9 0.0130616291898643
89 9 0.0119398388382311
90 9 0.0108419493741674
91 9 0.0097762807618762
92 9 0.0087498364983643
93 9 0.0077684029629931
94 9 0.0068366658831777
95 9 0.0059583366900148
96 9 0.0051362824327529
97 9 0.0043726538589539
98 9 0.0036690071914373
99 9 0.0030264160032341
100 9 0.0024455703825822
1 10 0.0000015387485753
2 10 0.0000019519470870
3 10 0.0000025378159092
4 10 0.0000033733519088
5 10 0.0000045639459555
6 10 0.0000062517575288
7 10 0.0000086251266824
8 10 0.0000119287547006
9 10 0.0000164742663124
10 10 0.0000226506218739
11 10 0.0000309336798422
12 10 0.0000418940238941
13 10 0.0000562019750865
14 10 0.0000746285221735
15 10 0.0000980407424477
16 10 0.0001273901763149
17 10 0.0001636925909887
18 10 0.0002079976553224
19 10 0.0002613472832569
20 10 0.0003247218201164
21 10 0.0003989738704500
22 10 0.0004847504137346
23 10 0.0005824049239041
24 10 0.0006919024771327
25 10 0.0008127222492171
26 10 0.0009437632882846
27 10 0.0010832608875803
28 10 0.0012287221342833
29 10 0.0013768901077860
30 10 0.0015237465662407
31 10 0.0016645626179949
32 10 0.0017940056718671
33 10 0.0019063087889145
34 10 0.0019955053779790
35 10 0.0020557280361187
36 10 0.0020815653857363
37 10 0.0020684652674776
38 10 0.0020131669846520
39 10 0.0019141399252067
40 10 0.0017720013358691
41 10 0.0015898828315299
42 10 0.0013737138962671
43 10 0.0011323915803519
44 10 0.0008778090773030
45 10 0.0006247219321630
46 10 0.0003904391073080
47 10 0.0001943365893396
48 10 0.0000572030017408
49 10 0.0000004389439975
50 10 0.0000451435356982
51 10 0.0002111318928085
52 10 0.0005159350516991
53 10 0.0009738383911608
54 10 0.0015950153351984
55 10 0.0023848098122302
56 10 0.0033432137081428
57 10 0.0044645748369199
58 10 0.0057375575295636
59 10 0.0071453628182560
60 10 0.0086661995249325
61 10 0.0102739825479416
62 10 0.0119392214017417
63 10 0.0136300515536725
64 10 0.0153133540151837
65 10 0.0169559053715712
66 10 0.0185255010359893
67 10 0.0199919987376848
68 10 0.0213282365766484
69 10 0.0225107896664661
70 10 0.0235205405866690
71 10 0.0243430506756978
72 10 0.0249687307540805
73 10 0.0253928204191583
74 10 0.0256151939994248
75 10 0.0256400181877225
76 10 0.0254752910752047
77 10 0.0251322947578333
78 10 0.0246249940243225
79 10 0.0239694121284331
80 10 0.0231830116577673
81 10 0.0222841044412858
82 10 0.0212913097027954
83 10 0.0202230746576672
84 10 0.0190972668062027
85 10 0.0179308425754248
86 10 0.0167395929047166
87 10 0.0155379629892276
88 10 0.0143389407497172
89 10 0.0131540066912599
90 10 0.0119931366021112
91 10 0.0108648479504401
92 10 0.0097762807618762
93 10 0.0087333040964345
94 10 0.0077406398805991
95 10 0.0068019966874230
96 10 0.0059202070048170
97 10 0.0050973625154274
98 10 0.0043349428729382
99 10 0.0036339343582287
100 10 0.0029949356091264
1 11 0.0000027675933960
2 11 0.0000034269801472
3 11 0.0000043304236308
4 11 0.0000055756806236
5 11 0.0000072928337541
6 11 0.0000096529854944
7 11 0.0000128778799034
8 11 0.0000172501389124
9 11 0.0000231236736277
10 11 0.0000309336798422
11 11 0.0000412054539604
12 11 0.0000545610777029
13 11 0.0000717228284385
14 11 0.0000935119928555
15 11 0.0001208416161827
16 11 0.0001547016336978
17 11 0.0001961348365652
18 11 0.0002462022538163
19 11 0.0003059368207160
20 11 0.0003762846821873
21 11 0.0004580341724935
22 11 0.0005517334307755
23 11 0.0006575987500669
24 11 0.0007754170853282
25 11 0.0009044476058026
26 11 0.0010433286791502
27 11 0.0011899980979509
28 11 0.0013416355529333
29 11 0.0014946371496458
30 11 0.0016446319744846
31 11 0.0017865501671725
32 11 0.0019147505024187
33 11 0.0020232130263599
34 11 0.0021057988096402
35 11 0.0021565744387557
36 11 0.0021701936493430
37 11 0.0021423228025757
38 11 0.0020700911201098
39 11 0.0019525412138737
40 11 0.0017910510187233
41 11 0.0015896953108065
42 11 0.0013555140765021
43 11 0.0010986564818194
44 11 0.0008323733098123
45 11 0.0005728374994133
46 11 0.0003387816036312
47 11 0.0001509521059857
48 11 0.0000313928754781
49 11 0.0000025826998795
50 11 0.0000864637978841
51 11 0.0003034084328742
52 11 0.0006711782729544
53 11 0.0012039351799669
54 11 0.0019113621461684
55 11 0.0027979489417511
56 11 0.0038624888603712
57 11 0.0050978212793260
58 11 0.0064908404246403
59 11 0.0080227748250605
60 11 0.0096697256659762
61 11 0.0114034368513565
62 11 0.0131922561947054
63 11 0.0150022367408992
64 11 0.0167983204475987
65 11 0.0185455436817399
66 11 0.0202102052275176
67 11 0.0217609424496364
68 11 0.0231696693279029
69 11 0.0244123404915876
70 11 0.0254695172301855
71 11 0.0263267238053129
72 11 0.0269745943508987
73 11 0.0274088214590706
74 11 0.0276299266099933
75 11 0.0276428795162952
76 11 0.0274565980231951
77 11 0.0270833624344692
78 11 0.0265381781893718
79 11 0.0258381189933723
80 11 0.0250016791895944
81 11 0.0240481597751729
82 11 0.0229971074482649
83 11 0.0218678208189677
84 11 0.0206789327788503
85 11 0.0194480732776132
86 11 0.0181916126032566
87 11 0.0169244818293918
88 11 0.0156600644352209
89 11 0.0144101512157260
90 11 0.0131849494302634
91 11 0.0119931366021112
92 11 0.0108419493741674
93 11 0.0097372982327368
94 11 0.0086838996187210
95 11 0.0076854178481909
96 11 0.0067446102700848
97 11 0.0058634701216257
98 11 0.0050433625433321
99 11 0.0042851501438162
100 11 0.0035893053345200
1 12 0.0000047170571840
2 12 0.0000057277098290
3 12 0.0000070737717423
4 12 0.0000088771423642
5 12 0.0000112961382522
6 12 0.0000145344298689
7 12 0.0000188507699330
8 12 0.0000245691508428
9 12 0.0000320888949141
10 12 0.0000418940238941
11 12 0.0000545610777029
12 12 0.0000707643646770
13 12 0.0000912774392720
14 12 0.0001169694357242
15 12 0.0001487947602711
16 12 0.0001877745877932
17 12 0.0002349686528281
18 12 0.0002914360037847
19 12 0.0003581837364995
20 12 0.0004361032687313
21 12 0.0005258944819576
22 12 0.0006279790482621
23 12 0.0007424054660729
24 12 0.0008687497119589
25 12 0.0010060169101783
26 12 0.0011525509287450
27 12 0.0013059602001810
28 12 0.0014630691787662
29 12 0.0016199055063929
30 12 0.0017717329821815
31 12 0.0019131396442669
32 12 0.0020381885358660
33 12 0.0021406359583344
34 12 0.0022142182072472
35 12 0.0022530030386854
36 12 0.0022517966295627
37 12 0.0022065909018463
38 12 0.0021150302070227
39 12 0.0019768710295140
40 12 0.0017944041283573
41 12 0.0015728059550567
42 12 0.0013203857606770
43 12 0.0010486969128257
44 12 0.0007724857784057
45 12 0.0005094590591643
46 12 0.0002798604075893
47 12 0.0001058589560913
48 12 0.0000107652850203
49 12 0.0000181033771988
50 12 0.0001505791987782
51 12 0.0004289966431928
52 12 0.0008711787108313
53 12 0.0014909552064451
54 12 0.0022972774410531
55 12 0.0032935152944443
56 12 0.0044769827714779
57 12 0.0058387254754345
58 12 0.0073635881421095
59 12 0.0090305636762521
60 12 0.0108134082774647
61 12 0.0126814915104726
62 12 0.0146008367265723
63 12 0.0165352970246748
64 12 0.0184478056023885
65 12 0.0203016371994760
66 12 0.0220616193351214
67 12 0.0236952378159894
68 12 0.0251735898990460
69 12 0.0264721496883069
70 12 0.0275713228751217
71 12 0.0284567808253384
72 12 0.0291195763664113
73 12 0.0295560546594615
74 12 0.0297675816641303
75 12 0.0297601195355551
76 12 0.0295436826643706
77 12 0.0291317100124845
78 12 0.0285403891083929
79 12 0.0277879648732633
80 12 0.0268940627637631
81 12 0.0258790509891762
82 12 0.0247634612366170
83 12 0.0235674818320115
84 12 0.0223105319295151
85 12 0.0210109204373166
86 12 0.0196855891518471
87 12 0.0183499361045528
88 12 0.0170177124729350
89 12 0.0157009845572472
90 12 0.0144101512157260
91 12 0.0131540066912599
92 12 0.0119398388382311
93 12 0.0107735532495505
94 12 0.0096598145723511
95 12 0.0086021972774955
96 12 0.0076033392184007
97 12 0.0066650924012340
98 12 0.0057886664320142
99 12 0.0049747610651157
100 12 0.0042236851271139
1 13 0.0000076834490337
2 13 0.0000091801079995
3 13 0.0000111265526940
4 13 0.0000136723137138
5 13 0.0000170075182929
6 13 0.0000213719718021
7 13 0.0000270648650176
8 13 0.0000344546909309
9 13 0.0000439888143079
10 13 0.0000562019750865
11 13 0.0000717228284385
12 13 0.0000912774392720
13 13 0.0001156884710728
14 13 0.0001458686572536
15 13 0.0001828070416831
16 13 0.0002275464525577
17 13 0.0002811507625929
18 13 0.0003446607225726
19 13 0.0004190375672766
20 13 0.0005050942101806
21 13 0.0006034146836430
22 13 0.0007142635467264
23 13 0.0008374882545071
24 13 0.0009724189155605
25 13 0.0011177713827555
26 13 0.0012715611186730
27 13 0.0014310366116784
28 13 0.0015926421264436
29 13 0.0017520200712971
30 13 0.0019040630695896
31 13 0.0020430247651911
32 13 0.0021626963438881
33 13 0.0022566526460337
34 13 0.0023185676000678
35 13 0.0023425936447075
36 13 0.0023237940690646
37 13 0.0022586111412212
38 13 0.0021453469785692
39 13 0.0019846288778616
40 13 0.0017798268476753
41 13 0.0015373889341357
42 13 0.0012670600898553
43 13 0.0009819531552135
44 13 0.0006984461536890
45 13 0.0004358884622772
46 13 0.0002161091535319
47 13 0.0000627333051694
48 13 0.0000003254935268
49 13 0.0000533930146972
50 13 0.0002452935115857
51 13 0.0005971015410341
52 13 0.0011264952299284
53 13 0.0018467268054975
54 13 0.0027657390155092
55 13 0.0038854832178258
56 13 0.0052014845414985
57 13 0.0067026856961098
58 13 0.0083715847345838
59 13 0.0101846645780787
60 13 0.0121130947163422
61 13 0.0141236695117399
62 13 0.0161799341312177
63 13 0.0182434392380125
64 13 0.0202750598073774
65 13 0.0222363120424711
66 13 0.0240906052488521
67 13 0.0258043722366190
68 13 0.0273480316435441
69 13 0.0286967476052438
70 13 0.0298309654365849
71 13 0.0307367154252963
72 13 0.0314056895482784
73 13 0.0318351071269694
74 13 0.0320273945604927
75 13 0.0319897109547455
76 13 0.0317333555641611
77 13 0.0312730945457258
78 13 0.0306264438265512
79 13 0.0298129422678411
80 13 0.0288534452095013
81 13 0.0277694633738626
82 13 0.0265825664586794
83 13 0.0253138649817836
84 13 0.0239835784101044
85 13 0.0226106925921661
86 13 0.0212127052089378
87 13 0.0198054544742192
88 13 0.0184030236902122
89 13 0.0170177124729350
90 13 0.0156600644352209
91 13 0.0143389407497172
92 13 0.0130616291898643
93 13 0.0118339788364749
94 13 0.0106605515180436
95 13 0.0095447821119229
96 13 0.0084891409742445
97 13 0.0074952929103843
98 13 0.0065642481853381
99 13 0.0056965020634531
100 13 0.0048921602352843
1 14 0.0000120386089197
2 14 0.0000141899273492
3 14 0.0000169314189053
4 14 0.0000204437473558
5 14 0.0000249523496382
6 14 0.0000307365399551
7 14 0.0000381390415038
8 14 0.0000475754719047
9 14 0.0000595431619880
10 14 0.0000746285221735
11 14 0.0000935119928555
12 14 0.0001169694357242
13 14 0.0001458686572536
14 14 0.0001811596241162
15 14 0.0002238568584565
16 14 0.0002750125185088
17 14 0.0003356788097139
18 14 0.0004068586667930
19 14 0.0004894441293204
20 14 0.0005841425268147
21 14 0.0006913915074195
22 14 0.0008112650830276
23 14 0.0009433741968338
24 14 0.0010867667927972
25 14 0.0012398338951791
26 14 0.0014002296725974
27 14 0.0015648147168543
28 14 0.0017296326398799
29 14 0.0018899303968036
30 14 0.0020402322959647
31 14 0.0021744762963565
32 14 0.0022862188035059
33 14 0.0023689107093695
34 14 0.0024162429255517
35 14 0.0024225542865885
36 14 0.0023832887247875
37 14 0.0022954824310010
38 14 0.0021582558092794
39 14 0.0019732799715874
40 14 0.0017451838926735
41 14 0.0014818667167247
42 14 0.0011946805467451
43 14 0.0008984526695057
44 14 0.0006113226767541
45 14 0.0003543791876433
46 14 0.0001510924365415
47 14 0.0000265521792806
48 14 0.0000065342786020
49 14 0.0001164328864407
50 14 0.0003801072091670
51 14 0.0008187013227746
52 14 0.0014495014481443
53 14 0.0022848968035593
54 14 0.0033315072581223
55 14 0.0045895335362657
56 14 0.0060523740888321
57 14 0.0077065377390082
58 14 0.0095318639236831
59 14 0.0115020440789290
60 14 0.0135854198430299
61 14 0.0157460176090976
62 14 0.0179447657240381
63 14 0.0201408312062847
64 14 0.0222930078061732
65 14 0.0243610867487378
66 14 0.0263071453936076
67 14 0.0280966967990448
68 14 0.0296996539970379
69 14 0.0310910757033321
70 14 0.0322516741471180
71 14 0.0331680796702216
72 14 0.0338328697747576
73 14 0.0342443816178687
74 14 0.0344063360003960
75 14 0.0343273073430259
76 14 0.0340200778875502
77 14 0.0335009155077561
78 14 0.0327888133387220
79 14 0.0319047263324549
80 14 0.0308708352928402
81 14 0.0297098634305833
82 14 0.0284444644900626
83 14 0.0270966954666584
84 14 0.0256875812148716
85 14 0.0242367731189865
86 14 0.0227622996449171
87 14 0.0212804031151449
88 14 0.0198054544742192
89 14 0.0183499361045528
90 14 0.0169244818293918
91 14 0.0155379629892276
92 14 0.0141976097703743
93 14 0.0129091576664350
94 14 0.0116770099368179
95 14 0.0105044080757002
96 14 0.0093936035212640
97 14 0.0083460250393900
98 14 0.0073624373489113
99 14 0.0064430875766020
100 14 0.0055878370161523
1 15 0.0000182359650401
2 15 0.0000212484385234
3 15 0.0000250202464754
4 15 0.0000297665846496
5 15 0.0000357514822642
6 15 0.0000432967803701
7 15 0.0000527913051183
8 15 0.0000646997010291
9 15 0.0000795702384310
10 15 0.0000980407424477
11 15 0.0001208416161827
12 15 0.0001487947602711
13 15 0.0001828070416831
14 15 0.0002238568584565
15 15 0.0002729723105361
16 15 0.0003311995505962
17 15 0.0003995600854434
18 15 0.0004789961609639
19 15 0.0005703039206188
20 15 0.0006740548002698
21 15 0.0007905066185852
22 15 0.0009195070317849
23 15 0.0010603934092484
24 15 0.0012118946890255
25 15 0.0013720422942594
26 15 0.0015380986054752
27 15 0.0017065126330918
28 15 0.0018729132411807
29 15 0.0020321503498426
30 15 0.0021783938094610
31 15 0.0023052979439197
32 15 0.0024062370021655
33 15 0.0024746129150800
34 15 0.0025042319023628
35 15 0.0024897408010106
36 15 0.0024271078031554
37 15 0.0023141260227197
38 15 0.0021509124805399
39 15 0.0019403702917406
40 15 0.0016885786568594
41 15 0.0014050742543697
42 15 0.0011029892521489
43 15 0.0007990156713797
44 15 0.0005131732930552
45 15 0.0002683684743077
46 15 0.0000897436400599
47 15 0.0000038310723478
48 15 0.0000375389546142
49 15 0.0002170113174851
50 15 0.0005664154061559
51 15 0.0011067189426721
52 15 0.0018545248621585
53 15 0.0028210317133771
54 15 0.0040111837421644
55 15 0.0054230658357298
56 15 0.0070475855186419
57 15 0.0088684679498216
58 15 0.0108625715598677
59 15 0.0130005129614995
60 15 0.0152475714941188
61 15 0.0175648275851658
62 15 0.0199104761894605
63 15 0.0222412477708104
64 15 0.0245138651219955
65 15 0.0266864648908236
66 15 0.0287199177192407
67 15 0.0305789898006000
68 15 0.0322333005467388
69 15 0.0336580448938576
70 15 0.0348344634615931
71 15 0.0357500582440932
72 15 0.0363985648059211
73 15 0.0367797033152918
74 15 0.0368987396355787
75 15 0.0367658938195904
76 15 0.0363956366520779
77 15 0.0358059155153897
78 15 0.0350173491298528
79 15 0.0340524270811000
80 15 0.0329347449943680
81 15 0.0316883002713842
82 15 0.0303368669649125
83 15 0.0289034620681693
84 15 0.0274099096006862
85 15 0.0258765036474513
86 15 0.0243217671300048
87 15 0.0227622996449171
88 15 0.0212127052089378
89 15 0.0196855891518471
90 15 0.0181916126032566
91 15 0.0167395929047166
92 15 0.0153366387053571
93 15 0.0139883093275976
94 15 0.0126987890862859
95 15 0.0114710684913886
96 15 0.0103071255610076
97 15 0.0092081017385591
98 15 0.0081744680866826
99 15 0.0072061784816622
100 15 0.0063028074341954
1 16 0.0000268133831380
2 16 0.0000309346719986
3 16 0.0000360155825887
4 16 0.0000423089953656
5 16 0.0000501204317278
6 16 0.0000598167305186
7 16 0.0000718346505174
8 16 0.0000866888007965
9 16 0.0001049781470609
10 16 0.0001273901763149
11 16 0.0001547016336978
12 16 0.0001877745877932
13 16 0.0002275464525577
14 16 0.0002750125185088
15 16 0.0003311995505962
16 16 0.0003971291262506
17 16 0.0004737696469370
18 16 0.0005619763913308
19 16 0.0006624196142499
20 16 0.0007755015493897
21 16 0.0009012642476799
22 16 0.0010392914583130
23 16 0.0011886091922801
24 16 0.0013475911249167
25 16 0.0015138764887628
26 16 0.0016843094437539
27 16 0.0018549099239581
28 16 0.0020208864659331
29 16 0.0021767013356722
30 16 0.0023161972148090
31 16 0.0024327926434147
32 16 0.0025197502670098
33 16 0.0025705177033893
34 16 0.0025791356386913
35 16 0.0025407018081217
36 16 0.0024518731634921
37 16 0.0023113822393391
38 16 0.0021205380540562
39 16 0.0018836774259017
40 16 0.0016085299491462
41 16 0.0013064596037890
42 16 0.0009925484755024
43 16 0.0006854935614485
44 16 0.0004072961095096
45 16 0.0001827340839588
46 16 0.0000386215867273
47 16 0.0000028735465379
48 16 0.0001034086679149
49 16 0.0003669373336515
50 16 0.0008176926823849
51 16 0.0014761713369172
52 16 0.0023579543473983
53 16 0.0034726782543585
54 16 0.0048232205705804
55 16 0.0064051536486930
56 16 0.0082065064788166
57 16 0.0102078564500370
58 16 0.0123827537933577
59 16 0.0146984617480074
60 16 0.0171169769337713
61 16 0.0195962783403398
62 16 0.0220917409034357
63 16 0.0245576416442804
64 16 0.0269486832340172
65 16 0.0292214616292303
66 16 0.0313358107398410
67 16 0.0332559672327894
68 16 0.0349515115889314
69 16 0.0363980563106775
70 16 0.0375776675738947
71 16 0.0384790215356014
72 16 0.0390973099969912
73 16 0.0394339214325113
74 16 0.0394959320262661
75 16 0.0392954470573966
76 16 0.0388488357386620
77 16 0.0381759026394672
78 16 0.0372990364827289
79 16 0.0362423728725982
80 16 0.0350310019232863
81 16 0.0336902453620252
82 16 0.0322450209811920
83 16 0.0307193057593557
84 16 0.0291357029150644
85 16 0.0275151128604921
86 16 0.0258765036474513
87 16 0.0242367731189865
88 16 0.0226106925921661
89 16 0.0210109204373166
90 16 0.0194480732776132
91 16 0.0179308425754248
92 16 0.0164661449507197
93 16 0.0150592955450054
94 16 0.0137141949642679
95 16 0.0124335216850477
96 16 0.0112189231882010
97 16 0.0100712004158942
98 16 0.0089904813714163
99 16 0.0079763807610170
100 16 0.0070281434924846
1 17 0.0000383915627898
2 17 0.0000439128678917
3 17 0.0000506269285977
4 17 0.0000588270470091
5 17 0.0000688625604604
6 17 0.0000811470113955
7 17 0.0000961659374964
8 17 0.0001144836197476
9 17 0.0001367479716627
10 17 0.0001636925909887
11 17 0.0001961348365652
12 17 0.0002349686528281
13 17 0.0002811507625929
14 17 0.0003356788097139
15 17 0.0003995600854434
16 17 0.0004737696469370
17 17 0.0005591969650067
18 17 0.0006565807500989
19 17 0.0007664323232633
20 17 0.0008889488341316
21 17 0.0010239187756299
22 17 0.0011706235784063
23 17 0.0013277405329545
24 17 0.0014932537998558
25 17 0.0016643817121296
26 17 0.0018375298017288
27 17 0.0020082798233819
28 17 0.0021714253173917
29 17 0.0023210637633096
30 17 0.0024507539632048
31 17 0.0025537448339535
32 17 0.0026232782271322
33 17 0.0026529637678052
34 17 0.0026372181545870
35 17 0.0025717551590680
36 17 0.0024541060913995
37 17 0.0022841442582827
38 17 0.0020645815089825
39 17 0.0018014009620284
40 17 0.0015041880304768
