100 100 10000
1 1 0.0099011518703781
2 1 0.0098040786283886
3 1 0.0097088903934381
4 1 0.0096155327869246
5 1 0.0095239535019651
6 1 0.0094341022056812
7 1 0.0093459304469218
8 1 0.0092593915691691
9 1 0.0091744406281874
10 1 0.0090910343141820
11 1 0.0090091308781959
12 1 0.0089286900623764
13 1 0.0088496730341447
14 1 0.0087720423232351
15 1 0.0086957617632888
16 1 0.0086207964346219
17 1 0.0085471126118064
18 1 0.0084746777125833
19 1 0.0084034602499672
20 1 0.0083334297866278
21 1 0.0082645568914741
22 1 0.0081968130984211
23 1 0.0081301708671710
24 1 0.0080646035458543
25 1 0.0080000853355133
26 1 0.0079365912562745
27 1 0.0078740971150348
28 1 0.0078125794748085
29 1 0.0077520156253064
30 1 0.0076923835551246
31 1 0.0076336619249662
32 1 0.0075758300421835
33 1 0.0075188678365645
34 1 0.0074627558369955
35 1 0.0074074751492126
36 1 0.0073530074349959
37 1 0.0072993348910422
38 1 0.0072464402308237
39 1 0.0071943066644820
40 1 0.0071429178827076
41 1 0.0070922580381771
42 1 0.0070423117304097
43 1 0.0069930639896132
44 1 0.0069445002618407
45 1 0.0068966063946352
46 1 0.0068493686232740
47 1 0.0068027735576681
48 1 0.0067568081695946
49 1 0.0067114597805507
50 1 0.0066667160502520
51 1 0.0066225649652196
52 1 0.0065789948281880
53 1 0.0065359942476473
54 1 0.0064935521280729
55 1 0.0064516576602003
56 1 0.0064103003120097
57 1 0.0063694698198669
58 1 0.0063291561796186
59 1 0.0062893496394878
60 1 0.0062500406906807
61 1 0.0062112200615028
62 1 0.0061728787083215
63 1 0.0061350078102818
64 1 0.0060975987609124
65 1 0.0060606431631971
66 1 0.0060241328214694
67 1 0.0059880597375495
68 1 0.0059524161024394
69 1 0.0059171942931924
70 1 0.0058823868652524
71 1 0.0058479865487460
72 1 0.0058139862427975
73 1 0.0057803790104227
74 1 0.0057471580746427
75 1 0.0057143168128437
76 1 0.0056818487532695
77 1 0.0056497475703576
78 1 0.0056180070806100
79 1 0.0055866212387290
80 1 0.0055555841338872
81 1 0.0055248899856863
82 1 0.0054945331410039
83 1 0.0054645080699967
84 1 0.0054348093634804
85 1 0.0054054317285335
86 1 0.0053763699869869
87 1 0.0053476190704060
88 1 0.0053191740192471
89 1 0.0052910299779274
90 1 0.0052631821940263
91 1 0.0052356260137554
92 1 0.0052083568811589
93 1 0.0051813703338510
94 1 0.0051546620022602
95 1 0.0051282276057663
96 1 0.0051020629516341
97 1 0.0050761639318608
98 1 0.0050505265217993
99 1 0.0050251467773155
100 1 0.0050000208335010
1 2 0.0098040786283886
2 2 0.0097088903934381
3 2 0.0096155327869246
4 2 0.0095239535019651
5 2 0.0094341022056812
6 2 0.0093459304469218
7 2 0.0092593915691691
8 2 0.0091744406281874
9 2 0.0090910343141820
10 2 0.0090091308781959
11 2 0.0089286900623764
12 2 0.0088496730341447
13 2 0.0087720423232351
14 2 0.0086957617632888
15 2 0.0086207964346219
16 2 0.0085471126118064
17 2 0.0084746777125833
18 2 0.0084034602499672
19 2 0.0083334297866278
20 2 0.0082645568914741
21 2 0.0081968130984211
22 2 0.0081301708671710
23 2 0.0080646035458543
24 2 0.0080000853355133
25 2 0.0079365912562745
26 2 0.0078740971150348
27 2 0.0078125794748085
28 2 0.0077520156253064
29 2 0.0076923835551246
30 2 0.0076336619249662
31 2 0.0075758300421835
32 2 0.0075188678365645
33 2 0.0074627558369955
34 2 0.0074074751492126
35 2 0.0073530074349959
36 2 0.0072993348910422
37 2 0.0072464402308237
38 2 0.0071943066644820
39 2 0.0071429178827076
40 2 0.0070922580381771
41 2 0.0070423117304097
42 2 0.0069930639896132
43 2 0.0069445002618407
44 2 0.0068966063946352
45 2 0.0068493686232740
46 2 0.0068027735576681
47 2 0.0067568081695946
48 2 0.0067114597805507
49 2 0.0066667160502520
50 2 0.0066225649652196
51 2 0.0065789948281880
52 2 0.0065359942476473
53 2 0.0064935521280729
54 2 0.0064516576602003
55 2 0.0064103003120097
56 2 0.0063694698198669
57 2 0.0063291561796186
58 2 0.0062893496394878
59 2 0.0062500406906807
60 2 0.0062112200615028
61 2 0.0061728787083215
62 2 0.0061350078102818
63 2 0.0060975987609124
64 2 0.0060606431631971
65 2 0.0060241328214694
66 2 0.0059880597375495
67 2 0.0059524161024394
68 2 0.0059171942931924
69 2 0.0058823868652524
70 2 0.0058479865487460
71 2 0.0058139862427975
72 2 0.0057803790104227
73 2 0.0057471580746427
74 2 0.0057143168128437
75 2 0.0056818487532695
76 2 0.0056497475703576
77 2 0.0056180070806100
78 2 0.0055866212387290
79 2 0.0055555841338872
80 2 0.0055248899856863
81 2 0.0054945331410039
82 2 0.0054645080699967
83 2 0.0054348093634804
84 2 0.0054054317285335
85 2 0.0053763699869869
86 2 0.0053476190704060
87 2 0.0053191740192471
88 2 0.0052910299779274
89 2 0.0052631821940263
90 2 0.0052356260137554
91 2 0.0052083568811589
92 2 0.0051813703338510
93 2 0.0051546620022602
94 2 0.0051282276057663
95 2 0.0051020629516341
96 2 0.0050761639318608
97 2 0.0050505265217993
98 2 0.0050251467773155
99 2 0.0050000208335010
100 2 0.0049751449023194
1 3 0.0097088903934381
2 3 0.0096155327869246
3 3 0.0095239535019651
4 3 0.0094341022056812
5 3 0.0093459304469218
6 3 0.0092593915691691
7 3 0.0091744406281874
8 3 0.0090910343141820
9 3 0.0090091308781959
10 3 0.0089286900623764
11 3 0.0088496730341447
12 3 0.0087720423232351
13 3 0.0086957617632888
14 3 0.0086207964346219
15 3 0.0085471126118064
16 3 0.0084746777125833
17 3 0.0084034602499672
18 3 0.0083334297866278
19 3 0.0082645568914741
20 3 0.0081968130984211
21 3 0.0081301708671710
22 3 0.0080646035458543
23 3 0.0080000853355133
24 3 0.0079365912562745
25 3 0.0078740971150348
26 3 0.0078125794748085
27 3 0.0077520156253064
28 3 0.0076923835551246
29 3 0.0076336619249662
30 3 0.0075758300421835
31 3 0.0075188678365645
32 3 0.0074627558369955
33 3 0.0074074751492126
34 3 0.0073530074349959
35 3 0.0072993348910422
36 3 0.0072464402308237
37 3 0.0071943066644820
38 3 0.0071429178827076
39 3 0.0070922580381771
40 3 0.0070423117304097
41 3 0.0069930639896132
42 3 0.0069445002618407
43 3 0.0068966063946352
44 3 0.0068493686232740
45 3 0.0068027735576681
46 3 0.0067568081695946
47 3 0.0067114597805507
48 3 0.0066667160502520
49 3 0.0066225649652196
50 3 0.0065789948281880
51 3 0.0065359942476473
52 3 0.0064935521280729
53 3 0.0064516576602003
54 3 0.0064103003120097
55 3 0.0063694698198669
56 3 0.0063291561796186
57 3 0.0062893496394878
58 3 0.0062500406906807
59 3 0.0062112200615028
60 3 0.0061728787083215
61 3 0.0061350078102818
62 3 0.0060975987609124
63 3 0.0060606431631971
64 3 0.0060241328214694
65 3 0.0059880597375495
66 3 0.0059524161024394
67 3 0.0059171942931924
68 3 0.0058823868652524
69 3 0.0058479865487460
70 3 0.0058139862427975
71 3 0.0057803790104227
72 3 0.0057471580746427
73 3 0.0057143168128437
74 3 0.0056818487532695
75 3 0.0056497475703576
76 3 0.0056180070806100
77 3 0.0055866212387290
78 3 0.0055555841338872
79 3 0.0055248899856863
80 3 0.0054945331410039
81 3 0.0054645080699967
82 3 0.0054348093634804
83 3 0.0054054317285335
84 3 0.0053763699869869
85 3 0.0053476190704060
86 3 0.0053191740192471
87 3 0.0052910299779274
88 3 0.0052631821940263
89 3 0.0052356260137554
90 3 0.0052083568811589
91 3 0.0051813703338510
92 3 0.0051546620022602
93 3 0.0051282276057663
94 3 0.0051020629516341
95 3 0.0050761639318608
96 3 0.0050505265217993
97 3 0.0050251467773155
98 3 0.0050000208335010
99 3 0.0049751449023194
100 3 0.0049505152703855
1 4 0.0096155327869246
2 4 0.0095239535019651
3 4 0.0094341022056812
4 4 0.0093459304469218
5 4 0.0092593915691691
6 4 0.0091744406281874
7 4 0.0090910343141820
8 4 0.0090091308781959
9 4 0.0089286900623764
10 4 0.0088496730341447
11 4 0.0087720423232351
12 4 0.0086957617632888
13 4 0.0086207964346219
14 4 0.0085471126118064
15 4 0.0084746777125833
16 4 0.0084034602499672
17 4 0.0083334297866278
18 4 0.0082645568914741
19 4 0.0081968130984211
20 4 0.0081301708671710
21 4 0.0080646035458543
22 4 0.0080000853355133
23 4 0.0079365912562745
24 4 0.0078740971150348
25 4 0.0078125794748085
26 4 0.0077520156253064
27 4 0.0076923835551246
28 4 0.0076336619249662
29 4 0.0075758300421835
30 4 0.0075188678365645
31 4 0.0074627558369955
32 4 0.0074074751492126
33 4 0.0073530074349959
34 4 0.0072993348910422
35 4 0.0072464402308237
36 4 0.0071943066644820
37 4 0.0071429178827076
38 4 0.0070922580381771
39 4 0.0070423117304097
40 4 0.0069930639896132
41 4 0.0069445002618407
42 4 0.0068966063946352
43 4 0.0068493686232740
44 4 0.0068027735576681
45 4 0.0067568081695946
46 4 0.0067114597805507
47 4 0.0066667160502520
48 4 0.0066225649652196
49 4 0.0065789948281880
50 4 0.0065359942476473
51 4 0.0064935521280729
52 4 0.0064516576602003
53 4 0.0064103003120097
54 4 0.0063694698198669
55 4 0.0063291561796186
56 4 0.0062893496394878
57 4 0.0062500406906807
58 4 0.0062112200615028
59 4 0.0061728787083215
60 4 0.0061350078102818
61 4 0.0060975987609124
62 4 0.0060606431631971
63 4 0.0060241328214694
64 4 0.0059880597375495
65 4 0.0059524161024394
66 4 0.0059171942931924
67 4 0.0058823868652524
68 4 0.0058479865487460
69 4 0.0058139862427975
70 4 0.0057803790104227
71 4 0.0057471580746427
72 4 0.0057143168128437
73 4 0.0056818487532695
74 4 0.0056497475703576
75 4 0.0056180070806100
76 4 0.0055866212387290
77 4 0.0055555841338872
78 4 0.0055248899856863
79 4 0.0054945331410039
80 4 0.0054645080699967
81 4 0.0054348093634804
82 4 0.0054054317285335
83 4 0.0053763699869869
84 4 0.0053476190704060
85 4 0.0053191740192471
86 4 0.0052910299779274
87 4 0.0052631821940263
88 4 0.0052356260137554
89 4 0.0052083568811589
90 4 0.0051813703338510
91 4 0.0051546620022602
92 4 0.0051282276057663
93 4 0.0051020629516341
94 4 0.0050761639318608
95 4 0.0050505265217993
96 4 0.0050251467773155
97 4 0.0050000208335010
98 4 0.0049751449023194
99 4 0.0049505152703855
100 4 0.0049261282977220
1 5 0.0095239535019651
2 5 0.0094341022056812
3 5 0.0093459304469218
4 5 0.0092593915691691
5 5 0.0091744406281874
6 5 0.0090910343141820
7 5 0.0090091308781959
8 5 0.0089286900623764
9 5 0.0088496730341447
10 5 0.0087720423232351
11 5 0.0086957617632888
12 5 0.0086207964346219
13 5 0.0085471126118064
14 5 0.0084746777125833
15 5 0.0084034602499672
16 5 0.0083334297866278
17 5 0.0082645568914741
18 5 0.0081968130984211
19 5 0.0081301708671710
20 5 0.0080646035458543
21 5 0.0080000853355133
22 5 0.0079365912562745
23 5 0.0078740971150348
24 5 0.0078125794748085
25 5 0.0077520156253064
26 5 0.0076923835551246
27 5 0.0076336619249662
28 5 0.0075758300421835
29 5 0.0075188678365645
30 5 0.0074627558369955
31 5 0.0074074751492126
32 5 0.0073530074349959
33 5 0.0072993348910422
34 5 0.0072464402308237
35 5 0.0071943066644820
36 5 0.0071429178827076
37 5 0.0070922580381771
38 5 0.0070423117304097
39 5 0.0069930639896132
40 5 0.0069445002618407
41 5 0.0068966063946352
42 5 0.0068493686232740
43 5 0.0068027735576681
44 5 0.0067568081695946
45 5 0.0067114597805507
46 5 0.0066667160502520
47 5 0.0066225649652196
48 5 0.0065789948281880
49 5 0.0065359942476473
50 5 0.0064935521280729
51 5 0.0064516576602003
52 5 0.0064103003120097
53 5 0.0063694698198669
54 5 0.0063291561796186
55 5 0.0062893496394878
56 5 0.0062500406906807
57 5 0.0062112200615028
58 5 0.0061728787083215
59 5 0.0061350078102818
60 5 0.0060975987609124
61 5 0.0060606431631971
62 5 0.0060241328214694
63 5 0.0059880597375495
64 5 0.0059524161024394
65 5 0.0059171942931924
66 5 0.0058823868652524
67 5 0.0058479865487460
68 5 0.0058139862427975
69 5 0.0057803790104227
70 5 0.0057471580746427
71 5 0.0057143168128437
72 5 0.0056818487532695
73 5 0.0056497475703576
74 5 0.0056180070806100
75 5 0.0055866212387290
76 5 0.0055555841338872
77 5 0.0055248899856863
78 5 0.0054945331410039
79 5 0.0054645080699967
80 5 0.0054348093634804
81 5 0.0054054317285335
82 5 0.0053763699869869
83 5 0.0053476190704060
84 5 0.0053191740192471
85 5 0.0052910299779274
86 5 0.0052631821940263
87 5 0.0052356260137554
88 5 0.0052083568811589
89 5 0.0051813703338510
90 5 0.0051546620022602
91 5 0.0051282276057663
92 5 0.0051020629516341
93 5 0.0050761639318608
94 5 0.0050505265217993
95 5 0.0050251467773155
96 5 0.0050000208335010
97 5 0.0049751449023194
98 5 0.0049505152703855
99 5 0.0049261282977220
100 5 0.0049019804162054
1 6 0.0094341022056812
2 6 0.0093459304469218
3 6 0.0092593915691691
4 6 0.0091744406281874
5 6 0.0090910343141820
6 6 0.0090091308781959
7 6 0.0089286900623764
8 6 0.0088496730341447
9 6 0.0087720423232351
10 6 0.0086957617632888
11 6 0.0086207964346219
12 6 0.0085471126118064
13 6 0.0084746777125833
14 6 0.0084034602499672
15 6 0.0083334297866278
16 6 0.0082645568914741
17 6 0.0081968130984211
18 6 0.0081301708671710
19 6 0.0080646035458543
20 6 0.0080000853355133
21 6 0.0079365912562745
22 6 0.0078740971150348
23 6 0.0078125794748085
24 6 0.0077520156253064
25 6 0.0076923835551246
26 6 0.0076336619249662
27 6 0.0075758300421835
28 6 0.0075188678365645
29 6 0.0074627558369955
30 6 0.0074074751492126
31 6 0.0073530074349959
32 6 0.0072993348910422
33 6 0.0072464402308237
34 6 0.0071943066644820
35 6 0.0071429178827076
36 6 0.0070922580381771
37 6 0.0070423117304097
38 6 0.0069930639896132
39 6 0.0069445002618407
40 6 0.0068966063946352
41 6 0.0068493686232740
42 6 0.0068027735576681
43 6 0.0067568081695946
44 6 0.0067114597805507
45 6 0.0066667160502520
46 6 0.0066225649652196
47 6 0.0065789948281880
48 6 0.0065359942476473
49 6 0.0064935521280729
50 6 0.0064516576602003
51 6 0.0064103003120097
52 6 0.0063694698198669
53 6 0.0063291561796186
54 6 0.0062893496394878
55 6 0.0062500406906807
56 6 0.0062112200615028
57 6 0.0061728787083215
58 6 0.0061350078102818
59 6 0.0060975987609124
60 6 0.0060606431631971
61 6 0.0060241328214694
62 6 0.0059880597375495
63 6 0.0059524161024394
64 6 0.0059171942931924
65 6 0.0058823868652524
66 6 0.0058479865487460
67 6 0.0058139862427975
68 6 0.0057803790104227
69 6 0.0057471580746427
70 6 0.0057143168128437
71 6 0.0056818487532695
72 6 0.0056497475703576
73 6 0.0056180070806100
74 6 0.0055866212387290
75 6 0.0055555841338872
76 6 0.0055248899856863
77 6 0.0054945331410039
78 6 0.0054645080699967
79 6 0.0054348093634804
80 6 0.0054054317285335
81 6 0.0053763699869869
82 6 0.0053476190704060
83 6 0.0053191740192471
84 6 0.0052910299779274
85 6 0.0052631821940263
86 6 0.0052356260137554
87 6 0.0052083568811589
88 6 0.0051813703338510
89 6 0.0051546620022602
90 6 0.0051282276057663
91 6 0.0051020629516341
92 6 0.0050761639318608
93 6 0.0050505265217993
94 6 0.0050251467773155
95 6 0.0050000208335010
96 6 0.0049751449023194
97 6 0.0049505152703855
98 6 0.0049261282977220
99 6 0.0049019804162054
100 6 0.0048780681265903
1 7 0.0093459304469218
2 7 0.0092593915691691
3 7 0.0091744406281874
4 7 0.0090910343141820
5 7 0.0090091308781959
6 7 0.0089286900623764
7 7 0.0088496730341447
8 7 0.0087720423232351
9 7 0.0086957617632888
10 7 0.0086207964346219
11 7 0.0085471126118064
12 7 0.0084746777125833
13 7 0.0084034602499672
14 7 0.0083334297866278
15 7 0.0082645568914741
16 7 0.0081968130984211
17 7 0.0081301708671710
18 7 0.0080646035458543
19 7 0.0080000853355133
20 7 0.0079365912562745
21 7 0.0078740971150348
22 7 0.0078125794748085
23 7 0.0077520156253064
24 7 0.0076923835551246
25 7 0.0076336619249662
26 7 0.0075758300421835
27 7 0.0075188678365645
28 7 0.0074627558369955
29 7 0.0074074751492126
30 7 0.0073530074349959
31 7 0.0072993348910422
32 7 0.0072464402308237
33 7 0.0071943066644820
34 7 0.0071429178827076
35 7 0.0070922580381771
36 7 0.0070423117304097
37 7 0.0069930639896132
38 7 0.0069445002618407
39 7 0.0068966063946352
40 7 0.0068493686232740
41 7 0.0068027735576681
42 7 0.0067568081695946
43 7 0.0067114597805507
44 7 0.0066667160502520
45 7 0.0066225649652196
46 7 0.0065789948281880
47 7 0.0065359942476473
48 7 0.0064935521280729
49 7 0.0064516576602003
50 7 0.0064103003120097
51 7 0.0063694698198669
52 7 0.0063291561796186
53 7 0.0062893496394878
54 7 0.0062500406906807
55 7 0.0062112200615028
56 7 0.0061728787083215
57 7 0.0061350078102818
58 7 0.0060975987609124
59 7 0.0060606431631971
60 7 0.0060241328214694
61 7 0.0059880597375495
62 7 0.0059524161024394
63 7 0.0059171942931924
64 7 0.0058823868652524
65 7 0.0058479865487460
66 7 0.0058139862427975
67 7 0.0057803790104227
68 7 0.0057471580746427
69 7 0.0057143168128437
70 7 0.0056818487532695
71 7 0.0056497475703576
72 7 0.0056180070806100
73 7 0.0055866212387290
74 7 0.0055555841338872
75 7 0.0055248899856863
76 7 0.0054945331410039
77 7 0.0054645080699967
78 7 0.0054348093634804
79 7 0.0054054317285335
80 7 0.0053763699869869
81 7 0.0053476190704060
82 7 0.0053191740192471
83 7 0.0052910299779274
84 7 0.0052631821940263
85 7 0.0052356260137554
86 7 0.0052083568811589
87 7 0.0051813703338510
88 7 0.0051546620022602
89 7 0.0051282276057663
90 7 0.0051020629516341
91 7 0.0050761639318608
92 7 0.0050505265217993
93 7 0.0050251467773155
94 7 0.0050000208335010
95 7 0.0049751449023194
96 7 0.0049505152703855
97 7 0.0049261282977220
98 7 0.0049019804162054
99 7 0.0048780681265903
100 7 0.0048543879976659
1 8 0.0092593915691691
2 8 0.0091744406281874
3 8 0.0090910343141820
4 8 0.0090091308781959
5 8 0.0089286900623764
6 8 0.0088496730341447
7 8 0.0087720423232351
8 8 0.0086957617632888
9 8 0.0086207964346219
10 8 0.0085471126118064
11 8 0.0084746777125833
12 8 0.0084034602499672
13 8 0.0083334297866278
14 8 0.0082645568914741
15 8 0.0081968130984211
16 8 0.0081301708671710
17 8 0.0080646035458543
18 8 0.0080000853355133
19 8 0.0079365912562745
20 8 0.0078740971150348
21 8 0.0078125794748085
22 8 0.0077520156253064
23 8 0.0076923835551246
24 8 0.0076336619249662
25 8 0.0075758300421835
26 8 0.0075188678365645
27 8 0.0074627558369955
28 8 0.0074074751492126
29 8 0.0073530074349959
30 8 0.0072993348910422
31 8 0.0072464402308237
32 8 0.0071943066644820
33 8 0.0071429178827076
34 8 0.0070922580381771
35 8 0.0070423117304097
36 8 0.0069930639896132
37 8 0.0069445002618407
38 8 0.0068966063946352
39 8 0.0068493686232740
40 8 0.0068027735576681
41 8 0.0067568081695946
42 8 0.0067114597805507
43 8 0.0066667160502520
44 8 0.0066225649652196
45 8 0.0065789948281880
46 8 0.0065359942476473
47 8 0.0064935521280729
48 8 0.0064516576602003
49 8 0.0064103003120097
50 8 0.0063694698198669
51 8 0.0063291561796186
52 8 0.0062893496394878
53 8 0.0062500406906807
54 8 0.0062112200615028
55 8 0.0061728787083215
56 8 0.0061350078102818
57 8 0.0060975987609124
58 8 0.0060606431631971
59 8 0.0060241328214694
60 8 0.0059880597375495
61 8 0.0059524161024394
62 8 0.0059171942931924
63 8 0.0058823868652524
64 8 0.0058479865487460
65 8 0.0058139862427975
66 8 0.0057803790104227
67 8 0.0057471580746427
68 8 0.0057143168128437
69 8 0.0056818487532695
70 8 0.0056497475703576
71 8 0.0056180070806100
72 8 0.0055866212387290
73 8 0.0055555841338872
74 8 0.0055248899856863
75 8 0.0054945331410039
76 8 0.0054645080699967
77 8 0.0054348093634804
78 8 0.0054054317285335
79 8 0.0053763699869869
80 8 0.0053476190704060
81 8 0.0053191740192471
82 8 0.0052910299779274
83 8 0.0052631821940263
84 8 0.0052356260137554
85 8 0.0052083568811589
86 8 0.0051813703338510
87 8 0.0051546620022602
88 8 0.0051282276057663
89 8 0.0051020629516341
90 8 0.0050761639318608
91 8 0.0050505265217993
92 8 0.0050251467773155
93 8 0.0050000208335010
94 8 0.0049751449023194
95 8 0.0049505152703855
96 8 0.0049261282977220
97 8 0.0049019804162054
98 8 0.0048780681265903
99 8 0.0048543879976659
100 8 0.0048309366649235
1 9 0.0091744406281874
2 9 0.0090910343141820
3 9 0.0090091308781959
4 9 0.0089286900623764
5 9 0.0088496730341447
6 9 0.0087720423232351
7 9 0.0086957617632888
8 9 0.0086207964346219
9 9 0.0085471126118064
10 9 0.0084746777125833
11 9 0.0084034602499672
12 9 0.0083334297866278
13 9 0.0082645568914741
14 9 0.0081968130984211
15 9 0.0081301708671710
16 9 0.0080646035458543
17 9 0.0080000853355133
18 9 0.0079365912562745
19 9 0.0078740971150348
20 9 0.0078125794748085
21 9 0.0077520156253064
22 9 0.0076923835551246
23 9 0.0076336619249662
24 9 0.0075758300421835
25 9 0.0075188678365645
26 9 0.0074627558369955
27 9 0.0074074751492126
28 9 0.0073530074349959
29 9 0.0072993348910422
30 9 0.0072464402308237
31 9 0.0071943066644820
32 9 0.0071429178827076
33 9 0.0070922580381771
34 9 0.0070423117304097
35 9 0.0069930639896132
36 9 0.0069445002618407
37 9 0.0068966063946352
38 9 0.0068493686232740
39 9 0.0068027735576681
40 9 0.0067568081695946
41 9 0.0067114597805507
42 9 0.0066667160502520
43 9 0.0066225649652196
44 9 0.0065789948281880
45 9 0.0065359942476473
46 9 0.0064935521280729
47 9 0.0064516576602003
48 9 0.0064103003120097
49 9 0.0063694698198669
50 9 0.0063291561796186
51 9 0.0062893496394878
52 9 0.0062500406906807
53 9 0.0062112200615028
54 9 0.0061728787083215
55 9 0.0061350078102818
56 9 0.0060975987609124
57 9 0.0060606431631971
58 9 0.0060241328214694
59 9 0.0059880597375495
60 9 0.0059524161024394
61 9 0.0059171942931924
62 9 0.0058823868652524
63 9 0.0058479865487460
64 9 0.0058139862427975
65 9 0.0057803790104227
66 9 0.0057471580746427
67 9 0.0057143168128437
68 9 0.0056818487532695
69 9 0.0056497475703576
70 9 0.0056180070806100
71 9 0.0055866212387290
72 9 0.0055555841338872
73 9 0.0055248899856863
74 9 0.0054945331410039
75 9 0.0054645080699967
76 9 0.0054348093634804
77 9 0.0054054317285335
78 9 0.0053763699869869
79 9 0.0053476190704060
80 9 0.0053191740192471
81 9 0.0052910299779274
82 9 0.0052631821940263
83 9 0.0052356260137554
84 9 0.0052083568811589
85 9 0.0051813703338510
86 9 0.0051546620022602
87 9 0.0051282276057663
88 9 0.0051020629516341
89 9 0.0050761639318608
90 9 0.0050505265217993
91 9 0.0050251467773155
92 9 0.0050000208335010
93 9 0.0049751449023194
94 9 0.0049505152703855
95 9 0.0049261282977220
96 9 0.0049019804162054
97 9 0.0048780681265903
98 9 0.0048543879976659
99 9 0.0048309366649235
100 9 0.0048077108286471
1 10 0.0090910343141820
2 10 0.0090091308781959
3 10 0.0089286900623764
4 10 0.0088496730341447
5 10 0.0087720423232351
6 10 0.0086957617632888
7 10 0.0086207964346219
8 10 0.0085471126118064
9 10 0.0084746777125833
10 10 0.0084034602499672
11 10 0.0083334297866278
12 10 0.0082645568914741
13 10 0.0081968130984211
14 10 0.0081301708671710
15 10 0.0080646035458543
16 10 0.0080000853355133
17 10 0.0079365912562745
18 10 0.0078740971150348
19 10 0.0078125794748085
20 10 0.0077520156253064
21 10 0.0076923835551246
22 10 0.0076336619249662
23 10 0.0075758300421835
24 10 0.0075188678365645
25 10 0.0074627558369955
26 10 0.0074074751492126
27 10 0.0073530074349959
28 10 0.0072993348910422
29 10 0.0072464402308237
30 10 0.0071943066644820
31 10 0.0071429178827076
32 10 0.0070922580381771
33 10 0.0070423117304097
34 10 0.0069930639896132
35 10 0.0069445002618407
36 10 0.0068966063946352
37 10 0.0068493686232740
38 10 0.0068027735576681
39 10 0.0067568081695946
40 10 0.0067114597805507
41 10 0.0066667160502520
42 10 0.0066225649652196
43 10 0.0065789948281880
44 10 0.0065359942476473
45 10 0.0064935521280729
46 10 0.0064516576602003
47 10 0.0064103003120097
48 10 0.0063694698198669
49 10 0.0063291561796186
50 10 0.0062893496394878
51 10 0.0062500406906807
52 10 0.0062112200615028
53 10 0.0061728787083215
54 10 0.0061350078102818
55 10 0.0060975987609124
56 10 0.0060606431631971
57 10 0.0060241328214694
58 10 0.0059880597375495
59 10 0.0059524161024394
60 10 0.0059171942931924
61 10 0.0058823868652524
62 10 0.0058479865487460
63 10 0.0058139862427975
64 10 0.0057803790104227
65 10 0.0057471580746427
66 10 0.0057143168128437
67 10 0.0056818487532695
68 10 0.0056497475703576
69 10 0.0056180070806100
70 10 0.0055866212387290
71 10 0.0055555841338872
72 10 0.0055248899856863
73 10 0.0054945331410039
74 10 0.0054645080699967
75 10 0.0054348093634804
76 10 0.0054054317285335
77 10 0.0053763699869869
78 10 0.0053476190704060
79 10 0.0053191740192471
80 10 0.0052910299779274
81 10 0.0052631821940263
82 10 0.0052356260137554
83 10 0.0052083568811589
84 10 0.0051813703338510
85 10 0.0051546620022602
86 10 0.0051282276057663
87 10 0.0051020629516341
88 10 0.0050761639318608
89 10 0.0050505265217993
90 10 0.0050251467773155
91 10 0.0050000208335010
92 10 0.0049751449023194
93 10 0.0049505152703855
94 10 0.0049261282977220
95 10 0.0049019804162054
96 10 0.0048780681265903
97 10 0.0048543879976659
98 10 0.0048309366649235
99 10 0.0048077108286471
100 10 0.0047847072516483
1 11 0.0090091308781959
2 11 0.0089286900623764
3 11 0.0088496730341447
4 11 0.0087720423232351
5 11 0.0086957617632888
6 11 0.0086207964346219
7 11 0.0085471126118064
8 11 0.0084746777125833
9 11 0.0084034602499672
10 11 0.0083334297866278
11 11 0.0082645568914741
12 11 0.0081968130984211
13 11 0.0081301708671710
14 11 0.0080646035458543
15 11 0.0080000853355133
16 11 0.0079365912562745
17 11 0.0078740971150348
18 11 0.0078125794748085
19 11 0.0077520156253064
20 11 0.0076923835551246
21 11 0.0076336619249662
22 11 0.0075758300421835
23 11 0.0075188678365645
24 11 0.0074627558369955
25 11 0.0074074751492126
26 11 0.0073530074349959
27 11 0.0072993348910422
28 11 0.0072464402308237
29 11 0.0071943066644820
30 11 0.0071429178827076
31 11 0.0070922580381771
32 11 0.0070423117304097
33 11 0.0069930639896132
34 11 0.0069445002618407
35 11 0.0068966063946352
36 11 0.0068493686232740
37 11 0.0068027735576681
38 11 0.0067568081695946
39 11 0.0067114597805507
40 11 0.0066667160502520
41 11 0.0066225649652196
42 11 0.0065789948281880
43 11 0.0065359942476473
44 11 0.0064935521280729
45 11 0.0064516576602003
46 11 0.0064103003120097
47 11 0.0063694698198669
48 11 0.0063291561796186
49 11 0.0062893496394878
50 11 0.0062500406906807
51 11 0.0062112200615028
52 11 0.0061728787083215
53 11 0.0061350078102818
54 11 0.0060975987609124
55 11 0.0060606431631971
56 11 0.0060241328214694
57 11 0.0059880597375495
58 11 0.0059524161024394
59 11 0.0059171942931924
60 11 0.0058823868652524
61 11 0.0058479865487460
62 11 0.0058139862427975
63 11 0.0057803790104227
64 11 0.0057471580746427
65 11 0.0057143168128437
66 11 0.0056818487532695
67 11 0.0056497475703576
68 11 0.0056180070806100
69 11 0.0055866212387290
70 11 0.0055555841338872
71 11 0.0055248899856863
72 11 0.0054945331410039
73 11 0.0054645080699967
74 11 0.0054348093634804
75 11 0.0054054317285335
76 11 0.0053763699869869
77 11 0.0053476190704060
78 11 0.0053191740192471
79 11 0.0052910299779274
80 11 0.0052631821940263
81 11 0.0052356260137554
82 11 0.0052083568811589
83 11 0.0051813703338510
84 11 0.0051546620022602
85 11 0.0051282276057663
86 11 0.0051020629516341
87 11 0.0050761639318608
88 11 0.0050505265217993
89 11 0.0050251467773155
90 11 0.0050000208335010
91 11 0.0049751449023194
92 11 0.0049505152703855
93 11 0.0049261282977220
94 11 0.0049019804162054
95 11 0.0048780681265903
96 11 0.0048543879976659
97 11 0.0048309366649235
98 11 0.0048077108286471
99 11 0.0047847072516483
100 11 0.0047619227586893
1 12 0.0089286900623764
2 12 0.0088496730341447
3 12 0.0087720423232351
4 12 0.0086957617632888
5 12 0.0086207964346219
6 12 0.0085471126118064
7 12 0.0084746777125833
8 12 0.0084034602499672
9 12 0.0083334297866278
10 12 0.0082645568914741
11 12 0.0081968130984211
12 12 0.0081301708671710
13 12 0.0080646035458543
14 12 0.0080000853355133
15 12 0.0079365912562745
16 12 0.0078740971150348
17 12 0.0078125794748085
18 12 0.0077520156253064
19 12 0.0076923835551246
20 12 0.0076336619249662
21 12 0.0075758300421835
22 12 0.0075188678365645
23 12 0.0074627558369955
24 12 0.0074074751492126
25 12 0.0073530074349959
26 12 0.0072993348910422
27 12 0.0072464402308237
28 12 0.0071943066644820
29 12 0.0071429178827076
30 12 0.0070922580381771
31 12 0.0070423117304097
32 12 0.0069930639896132
33 12 0.0069445002618407
34 12 0.0068966063946352
35 12 0.0068493686232740
36 12 0.0068027735576681
37 12 0.0067568081695946
38 12 0.0067114597805507
39 12 0.0066667160502520
40 12 0.0066225649652196
41 12 0.0065789948281880
42 12 0.0065359942476473
43 12 0.0064935521280729
44 12 0.0064516576602003
45 12 0.0064103003120097
46 12 0.0063694698198669
47 12 0.0063291561796186
48 12 0.0062893496394878
49 12 0.0062500406906807
50 12 0.0062112200615028
51 12 0.0061728787083215
52 12 0.0061350078102818
53 12 0.0060975987609124
54 12 0.0060606431631971
55 12 0.0060241328214694
56 12 0.0059880597375495
57 12 0.0059524161024394
58 12 0.0059171942931924
59 12 0.0058823868652524
60 12 0.0058479865487460
61 12 0.0058139862427975
62 12 0.0057803790104227
63 12 0.0057471580746427
64 12 0.0057143168128437
65 12 0.0056818487532695
66 12 0.0056497475703576
67 12 0.0056180070806100
68 12 0.0055866212387290
69 12 0.0055555841338872
70 12 0.0055248899856863
71 12 0.0054945331410039
72 12 0.0054645080699967
73 12 0.0054348093634804
74 12 0.0054054317285335
75 12 0.0053763699869869
76 12 0.0053476190704060
77 12 0.0053191740192471
78 12 0.0052910299779274
79 12 0.0052631821940263
80 12 0.0052356260137554
81 12 0.0052083568811589
82 12 0.0051813703338510
83 12 0.0051546620022602
84 12 0.0051282276057663
85 12 0.0051020629516341
86 12 0.0050761639318608
87 12 0.0050505265217993
88 12 0.0050251467773155
89 12 0.0050000208335010
90 12 0.0049751449023194
91 12 0.0049505152703855
92 12 0.0049261282977220
93 12 0.0049019804162054
94 12 0.0048780681265903
95 12 0.0048543879976659
96 12 0.0048309366649235
97 12 0.0048077108286471
98 12 0.0047847072516483
99 12 0.0047619227586893
100 12 0.0047393542348839
1 13 0.0088496730341447
2 13 0.0087720423232351
3 13 0.0086957617632888
4 13 0.0086207964346219
5 13 0.0085471126118064
6 13 0.0084746777125833
7 13 0.0084034602499672
8 13 0.0083334297866278
9 13 0.0082645568914741
10 13 0.0081968130984211
11 13 0.0081301708671710
12 13 0.0080646035458543
13 13 0.0080000853355133
14 13 0.0079365912562745
15 13 0.0078740971150348
16 13 0.0078125794748085
17 13 0.0077520156253064
18 13 0.0076923835551246
19 13 0.0076336619249662
20 13 0.0075758300421835
21 13 0.0075188678365645
22 13 0.0074627558369955
23 13 0.0074074751492126
24 13 0.0073530074349959
25 13 0.0072993348910422
26 13 0.0072464402308237
27 13 0.0071943066644820
28 13 0.0071429178827076
29 13 0.0070922580381771
30 13 0.0070423117304097
31 13 0.0069930639896132
32 13 0.0069445002618407
33 13 0.0068966063946352
34 13 0.0068493686232740
35 13 0.0068027735576681
36 13 0.0067568081695946
37 13 0.0067114597805507
38 13 0.0066667160502520
39 13 0.0066225649652196
40 13 0.0065789948281880
41 13 0.0065359942476473
42 13 0.0064935521280729
43 13 0.0064516576602003
44 13 0.0064103003120097
45 13 0.0063694698198669
46 13 0.0063291561796186
47 13 0.0062893496394878
48 13 0.0062500406906807
49 13 0.0062112200615028
50 13 0.0061728787083215
51 13 0.0061350078102818
52 13 0.0060975987609124
53 13 0.0060606431631971
54 13 0.0060241328214694
55 13 0.0059880597375495
56 13 0.0059524161024394
57 13 0.0059171942931924
58 13 0.0058823868652524
59 13 0.0058479865487460
60 13 0.0058139862427975
61 13 0.0057803790104227
62 13 0.0057471580746427
63 13 0.0057143168128437
64 13 0.0056818487532695
65 13 0.0056497475703576
66 13 0.0056180070806100
67 13 0.0055866212387290
68 13 0.0055555841338872
69 13 0.0055248899856863
70 13 0.0054945331410039
71 13 0.0054645080699967
72 13 0.0054348093634804
73 13 0.0054054317285335
74 13 0.0053763699869869
75 13 0.0053476190704060
76 13 0.0053191740192471
77 13 0.0052910299779274
78 13 0.0052631821940263
79 13 0.0052356260137554
80 13 0.0052083568811589
81 13 0.0051813703338510
82 13 0.0051546620022602
83 13 0.0051282276057663
84 13 0.0051020629516341
85 13 0.0050761639318608
86 13 0.0050505265217993
87 13 0.0050251467773155
88 13 0.0050000208335010
89 13 0.0049751449023194
90 13 0.0049505152703855
91 13 0.0049261282977220
92 13 0.0049019804162054
93 13 0.0048780681265903
94 13 0.0048543879976659
95 13 0.0048309366649235
96 13 0.0048077108286471
97 13 0.0047847072516483
98 13 0.0047619227586893
99 13 0.0047393542348839
100 13 0.0047169986242768
1 14 0.0087720423232351
2 14 0.0086957617632888
3 14 0.0086207964346219
4 14 0.0085471126118064
5 14 0.0084746777125833
6 14 0.0084034602499672
7 14 0.0083334297866278
8 14 0.0082645568914741
9 14 0.0081968130984211
10 14 0.0081301708671710
11 14 0.0080646035458543
12 14 0.0080000853355133
13 14 0.0079365912562745
14 14 0.0078740971150348
15 14 0.0078125794748085
16 14 0.0077520156253064
17 14 0.0076923835551246
18 14 0.0076336619249662
19 14 0.0075758300421835
20 14 0.0075188678365645
21 14 0.0074627558369955
22 14 0.0074074751492126
23 14 0.0073530074349959
24 14 0.0072993348910422
25 14 0.0072464402308237
26 14 0.0071943066644820
27 14 0.0071429178827076
28 14 0.0070922580381771
29 14 0.0070423117304097
30 14 0.0069930639896132
31 14 0.0069445002618407
32 14 0.0068966063946352
33 14 0.0068493686232740
34 14 0.0068027735576681
35 14 0.0067568081695946
36 14 0.0067114597805507
37 14 0.0066667160502520
38 14 0.0066225649652196
39 14 0.0065789948281880
40 14 0.0065359942476473
41 14 0.0064935521280729
42 14 0.0064516576602003
43 14 0.0064103003120097
44 14 0.0063694698198669
45 14 0.0063291561796186
46 14 0.0062893496394878
47 14 0.0062500406906807
48 14 0.0062112200615028
49 14 0.0061728787083215
50 14 0.0061350078102818
51 14 0.0060975987609124
52 14 0.0060606431631971
53 14 0.0060241328214694
54 14 0.0059880597375495
55 14 0.0059524161024394
56 14 0.0059171942931924
57 14 0.0058823868652524
58 14 0.0058479865487460
59 14 0.0058139862427975
60 14 0.0057803790104227
61 14 0.0057471580746427
62 14 0.0057143168128437
63 14 0.0056818487532695
64 14 0.0056497475703576
65 14 0.0056180070806100
66 14 0.0055866212387290
67 14 0.0055555841338872
68 14 0.0055248899856863
69 14 0.0054945331410039
70 14 0.0054645080699967
71 14 0.0054348093634804
72 14 0.0054054317285335
73 14 0.0053763699869869
74 14 0.0053476190704060
75 14 0.0053191740192471
76 14 0.0052910299779274
77 14 0.0052631821940263
78 14 0.0052356260137554
79 14 0.0052083568811589
80 14 0.0051813703338510
81 14 0.0051546620022602
82 14 0.0051282276057663
83 14 0.0051020629516341
84 14 0.0050761639318608
85 14 0.0050505265217993
86 14 0.0050251467773155
87 14 0.0050000208335010
88 14 0.0049751449023194
89 14 0.0049505152703855
90 14 0.0049261282977220
91 14 0.0049019804162054
92 14 0.0048780681265903
93 14 0.0048543879976659
94 14 0.0048309366649235
95 14 0.0048077108286471
96 14 0.0047847072516483
97 14 0.0047619227586893
98 14 0.0047393542348839
99 14 0.0047169986242768
100 14 0.0046948529278001
1 15 0.0086957617632888
2 15 0.0086207964346219
3 15 0.0085471126118064
4 15 0.0084746777125833
5 15 0.0084034602499672
6 15 0.0083334297866278
7 15 0.0082645568914741
8 15 0.0081968130984211
9 15 0.0081301708671710
10 15 0.0080646035458543
11 15 0.0080000853355133
12 15 0.0079365912562745
13 15 0.0078740971150348
14 15 0.0078125794748085
15 15 0.0077520156253064
16 15 0.0076923835551246
17 15 0.0076336619249662
18 15 0.0075758300421835
19 15 0.0075188678365645
20 15 0.0074627558369955
21 15 0.0074074751492126
22 15 0.0073530074349959
23 15 0.0072993348910422
24 15 0.0072464402308237
25 15 0.0071943066644820
26 15 0.0071429178827076
27 15 0.0070922580381771
28 15 0.0070423117304097
29 15 0.0069930639896132
30 15 0.0069445002618407
31 15 0.0068966063946352
32 15 0.0068493686232740
33 15 0.0068027735576681
34 15 0.0067568081695946
35 15 0.0067114597805507
36 15 0.0066667160502520
37 15 0.0066225649652196
38 15 0.0065789948281880
39 15 0.0065359942476473
40 15 0.0064935521280729
41 15 0.0064516576602003
42 15 0.0064103003120097
43 15 0.0063694698198669
44 15 0.0063291561796186
45 15 0.0062893496394878
46 15 0.0062500406906807
47 15 0.0062112200615028
48 15 0.0061728787083215
49 15 0.0061350078102818
50 15 0.0060975987609124
51 15 0.0060606431631971
52 15 0.0060241328214694
53 15 0.0059880597375495
54 15 0.0059524161024394
55 15 0.0059171942931924
56 15 0.0058823868652524
57 15 0.0058479865487460
58 15 0.0058139862427975
59 15 0.0057803790104227
60 15 0.0057471580746427
61 15 0.0057143168128437
62 15 0.0056818487532695
63 15 0.0056497475703576
64 15 0.0056180070806100
65 15 0.0055866212387290
66 15 0.0055555841338872
67 15 0.0055248899856863
68 15 0.0054945331410039
69 15 0.0054645080699967
70 15 0.0054348093634804
71 15 0.0054054317285335
72 15 0.0053763699869869
73 15 0.0053476190704060
74 15 0.0053191740192471
75 15 0.0052910299779274
76 15 0.0052631821940263
77 15 0.0052356260137554
78 15 0.0052083568811589
79 15 0.0051813703338510
80 15 0.0051546620022602
81 15 0.0051282276057663
82 15 0.0051020629516341
83 15 0.0050761639318608
84 15 0.0050505265217993
85 15 0.0050251467773155
86 15 0.0050000208335010
87 15 0.0049751449023194
88 15 0.0049505152703855
89 15 0.0049261282977220
90 15 0.0049019804162054
91 15 0.0048780681265903
92 15 0.0048543879976659
93 15 0.0048309366649235
94 15 0.0048077108286471
95 15 0.0047847072516483
96 15 0.0047619227586893
97 15 0.0047393542348839
98 15 0.0047169986242768
99 15 0.0046948529278001
100 15 0.0046729142026969
1 16 0.0086207964346219
2 16 0.0085471126118064
3 16 0.0084746777125833
4 16 0.0084034602499672
5 16 0.0083334297866278
6 16 0.0082645568914741
7 16 0.0081968130984211
8 16 0.0081301708671710
9 16 0.0080646035458543
10 16 0.0080000853355133
11 16 0.0079365912562745
12 16 0.0078740971150348
13 16 0.0078125794748085
14 16 0.0077520156253064
15 16 0.0076923835551246
16 16 0.0076336619249662
17 16 0.0075758300421835
18 16 0.0075188678365645
19 16 0.0074627558369955
20 16 0.0074074751492126
21 16 0.0073530074349959
22 16 0.0072993348910422
23 16 0.0072464402308237
24 16 0.0071943066644820
25 16 0.0071429178827076
26 16 0.0070922580381771
27 16 0.0070423117304097
28 16 0.0069930639896132
29 16 0.0069445002618407
30 16 0.0068966063946352
31 16 0.0068493686232740
32 16 0.0068027735576681
33 16 0.0067568081695946
34 16 0.0067114597805507
35 16 0.0066667160502520
36 16 0.0066225649652196
37 16 0.0065789948281880
38 16 0.0065359942476473
39 16 0.0064935521280729
40 16 0.0064516576602003
41 16 0.0064103003120097
42 16 0.0063694698198669
43 16 0.0063291561796186
44 16 0.0062893496394878
45 16 0.0062500406906807
46 16 0.0062112200615028
47 16 0.0061728787083215
48 16 0.0061350078102818
49 16 0.0060975987609124
50 16 0.0060606431631971
51 16 0.0060241328214694
52 16 0.0059880597375495
53 16 0.0059524161024394
54 16 0.0059171942931924
55 16 0.0058823868652524
56 16 0.0058479865487460
57 16 0.0058139862427975
58 16 0.0057803790104227
59 16 0.0057471580746427
60 16 0.0057143168128437
61 16 0.0056818487532695
62 16 0.0056497475703576
63 16 0.0056180070806100
64 16 0.0055866212387290
65 16 0.0055555841338872
66 16 0.0055248899856863
67 16 0.0054945331410039
68 16 0.0054645080699967
69 16 0.0054348093634804
70 16 0.0054054317285335
71 16 0.0053763699869869
72 16 0.0053476190704060
73 16 0.0053191740192471
74 16 0.0052910299779274
75 16 0.0052631821940263
76 16 0.0052356260137554
77 16 0.0052083568811589
78 16 0.0051813703338510
79 16 0.0051546620022602
80 16 0.0051282276057663
81 16 0.0051020629516341
82 16 0.0050761639318608
83 16 0.0050505265217993
84 16 0.0050251467773155
85 16 0.0050000208335010
86 16 0.0049751449023194
87 16 0.0049505152703855
88 16 0.0049261282977220
89 16 0.0049019804162054
90 16 0.0048780681265903
91 16 0.0048543879976659
92 16 0.0048309366649235
93 16 0.0048077108286471
94 16 0.0047847072516483
95 16 0.0047619227586893
96 16 0.0047393542348839
97 16 0.0047169986242768
98 16 0.0046948529278001
99 16 0.0046729142026969
100 16 0.0046511795608328
1 17 0.0085471126118064
2 17 0.0084746777125833
3 17 0.0084034602499672
4 17 0.0083334297866278
5 17 0.0082645568914741
6 17 0.0081968130984211
7 17 0.0081301708671710
8 17 0.0080646035458543
9 17 0.0080000853355133
10 17 0.0079365912562745
11 17 0.0078740971150348
12 17 0.0078125794748085
13 17 0.0077520156253064
14 17 0.0076923835551246
15 17 0.0076336619249662
16 17 0.0075758300421835
17 17 0.0075188678365645
18 17 0.0074627558369955
19 17 0.0074074751492126
20 17 0.0073530074349959
21 17 0.0072993348910422
22 17 0.0072464402308237
23 17 0.0071943066644820
24 17 0.0071429178827076
25 17 0.0070922580381771
26 17 0.0070423117304097
27 17 0.0069930639896132
28 17 0.0069445002618407
29 17 0.0068966063946352
30 17 0.0068493686232740
31 17 0.0068027735576681
32 17 0.0067568081695946
33 17 0.0067114597805507
34 17 0.0066667160502520
35 17 0.0066225649652196
36 17 0.0065789948281880
37 17 0.0065359942476473
38 17 0.0064935521280729
39 17 0.0064516576602003
40 17 0.0064103003120097
