3200 3200 18316
1 1 1.0000000000000000
2 2 1.6666666666700001
17 2 0.6666666666670000
18 2 -0.1666666666670000
3 3 1.0000000000000000
4 4 0.0000008417295860
19 4 0.0003350083752090
20 4 -0.0000004208647930
5 5 1.0000000000000000
6 6 0.0000004208647930
8 6 0.0000001052160085
21 6 -0.0000000000000000
22 6 -0.0000004208647930
23 6 0.0000000000007589
24 6 -0.0000001052154391
7 7 1.0000000000000000
6 8 0.0000001052160085
8 8 1.6666666929700000
21 8 0.0000000000007589
22 8 -0.0000001052154391
23 8 0.6666666666670000
24 8 -0.1666666929700000
9 9 1.0000000000000000
10 10 1.6666666666700001
25 10 0.6666666666670000
26 10 -0.1666666666670000
11 11 1.0000000000000000
12 12 0.0000004208647930
27 12 -0.0000000000000000
28 12 -0.0000004208647930
13 13 1.0000000000000000
14 14 0.0000008417295860
29 14 0.0003350083752090
30 14 -0.0000004208647930
15 15 0.0000021644475067
16 15 0.0000000021148985
31 15 0.0000016233356300
32 15 -0.0000000018127701
15 16 0.0000000021148985
16 16 0.0000000000022773
31 16 0.0000000021148985
32 16 -0.0000000000022773
2 17 0.6666666666670000
17 17 1.3333333333299999
2 18 -0.1666666666670000
18 18 0.2866043613710000
33 18 0.0623052959502000
34 18 -0.0233644859813000
4 19 0.0003350083752090
19 19 0.8236760124610000
20 19 -0.0002160334382190
35 19 0.0870716510903000
36 19 -0.0001080167191100
4 20 -0.0000004208647930
19 20 -0.0002160334382190
20 20 0.0000005978640050
35 20 0.0001025376101690
36 20 -0.0000001219327905
6 21 -0.0000000000000000
8 21 0.0000000000007589
21 21 0.0000067338366876
22 21 0.0000016834591719
23 21 0.0000016834515795
24 21 0.0000004208609974
6 22 -0.0000004208647930
8 22 -0.0000001052154391
21 22 0.0000016834591719
22 22 0.0000067338366876
23 22 0.0000004208609974
24 22 0.0000016834356391
37 22 0.0000016834591719
38 22 -0.0000012625943789
39 22 0.0000004208625156
40 22 -0.0000003156383467
6 23 0.0000000000007589
8 23 0.6666666666670000
21 23 0.0000016834515795
22 23 0.0000004208609974
23 23 1.3333337541900001
24 23 0.0000001052143016
6 24 -0.0000001052154391
8 24 -0.1666666929700000
21 24 0.0000004208609974
22 24 0.0000016834356391
23 24 0.0000001052143016
24 24 0.2866047822240000
37 24 0.0000004208625156
38 24 -0.0000003156383467
39 24 0.0623054011652000
40 24 -0.0233645648883000
10 25 0.6666666666670000
25 25 1.3333333333299999
10 26 -0.1666666666670000
26 26 0.2866043613710000
41 26 0.0623052959502000
42 26 -0.0233644859813000
12 27 -0.0000000000000000
27 27 0.0000067338366876
28 27 0.0000016834591719
12 28 -0.0000004208647930
27 28 0.0000016834591719
28 28 0.0000067338366876
43 28 0.0000016834591719
44 28 -0.0000012625943789
14 29 0.0003350083752090
29 29 0.8236760124610000
30 29 -0.0002160334382190
45 29 0.0870716510903000
46 29 -0.0001080167191100
14 30 -0.0000004208647930
29 30 -0.0002160334382190
30 30 0.0000005978640050
45 30 0.0001025376101690
46 30 -0.0000001219327905
15 31 0.0000016233356300
16 31 0.0000000021148985
31 31 0.0000187585450584
32 31 0.0000000042297969
47 31 0.0000048700068902
48 31 -0.0000000057404387
15 32 -0.0000000018127701
16 32 -0.0000000000022773
31 32 0.0000000042297969
32 32 0.0000000000121459
47 32 0.0000000060425670
48 32 -0.0000000000068320
18 33 0.0623052959502000
33 33 0.3613707165110000
34 33 0.0311526479751000
18 34 -0.0233644859813000
33 34 0.0311526479751000
34 34 0.1346322843350000
49 34 0.0325634229459000
50 34 -0.0135680928941000
19 35 0.0870716510903000
20 35 0.0001025376101690
35 35 0.3793861713380000
36 35 -0.0000440106973119
51 35 0.0517165215196000
52 35 -0.0000635196682643
19 36 -0.0001080167191100
20 36 -0.0000001219327905
35 36 -0.0000440106973119
36 36 0.0000002511364813
51 36 0.0000615852200546
52 36 -0.0000000725079443
22 37 0.0000016834591719
24 37 0.0000004208625156
37 37 0.0000202015100629
38 37 0.0000033669183438
39 37 0.0000050502272106
40 37 0.0000008416908710
22 38 -0.0000012625943789
24 38 -0.0000003156383467
37 38 0.0000033669183438
38 38 0.0000134676733753
39 38 0.0000008416908710
40 38 0.0000033667437470
53 38 0.0000033669183438
54 38 -0.0000021043239649
55 38 0.0000008416923892
56 38 -0.0000005260373420
22 39 0.0000004208625156
24 39 0.0623054011652000
37 39 0.0000050502272106
38 39 0.0000008416908710
39 39 0.3613719790300000
40 39 0.0311528583881000
22 40 -0.0000003156383467
24 40 -0.0233645648883000
37 40 0.0000008416908710
38 40 0.0000033667437470
39 40 0.0311528583881000
40 40 0.1346331259770000
53 40 0.0000008416923892
54 40 -0.0000005260373420
55 40 0.0325636333597000
56 40 -0.0135682243925000
26 41 0.0623052959502000
41 41 0.3613707165110000
42 41 0.0311526479751000
26 42 -0.0233644859813000
41 42 0.0311526479751000
42 42 0.1346322843350000
57 42 0.0325634229459000
58 42 -0.0135680928941000
28 43 0.0000016834591719
43 43 0.0000202015100629
44 43 0.0000033669183438
28 44 -0.0000012625943789
43 44 0.0000033669183438
44 44 0.0000134676733753
59 44 0.0000033669183438
60 44 -0.0000021043239649
29 45 0.0870716510903000
30 45 0.0001025376101690
45 45 0.3793861713380000
46 45 -0.0000440106973119
61 45 0.0517165215196000
62 45 -0.0000635196682643
29 46 -0.0001080167191100
30 46 -0.0000001219327905
45 46 -0.0000440106973119
46 46 0.0000002511364813
61 46 0.0000615852200546
62 46 -0.0000000725079443
31 47 0.0000048700068902
32 47 0.0000000060425670
47 47 0.0000375170901168
48 47 0.0000000042297969
63 47 0.0000081166781503
64 47 -0.0000000096681072
31 48 -0.0000000057404387
32 48 -0.0000000000068320
47 48 0.0000000042297969
48 48 0.0000000000242917
63 48 0.0000000099702356
64 48 -0.0000000000113867
34 49 0.0325634229459000
49 49 0.2145651899530000
50 49 0.0217089486306000
34 50 -0.0135680928941000
49 50 0.0217089486306000
50 50 0.0892547263878000
65 50 0.0219616962181000
66 50 -0.0096082420954000
35 51 0.0517165215196000
36 51 0.0000615852200546
51 51 0.2499014207370000
52 51 -0.0000190138031456
67 51 0.0368391305752000
68 51 -0.0000450529623865
35 52 -0.0000635196682643
36 52 -0.0000000725079443
51 52 -0.0000190138031456
52 52 0.0000001633510739
67 52 0.0000440710804612
68 52 -0.0000000516651190
38 53 0.0000033669183438
40 53 0.0000008416923892
53 53 0.0000336691834381
54 53 0.0000050503775157
55 53 0.0000084166202456
56 53 0.0000012624569788
38 54 -0.0000021043239649
40 54 -0.0000005260373420
53 54 0.0000050503775157
54 54 0.0000202015100629
55 54 0.0000012624569788
56 54 0.0000050497967915
69 54 0.0000050503775157
70 54 -0.0000029460535508
71 54 0.0000012624584971
72 54 -0.0000007363964838
38 55 0.0000008416923892
40 55 0.0325636333597000
53 55 0.0000084166202456
54 55 0.0000012624569788
55 55 0.2145672939390000
56 55 0.0217092642105000
38 56 -0.0000005260373420
40 56 -0.0135682243925000
53 56 0.0000012624569788
54 56 0.0000050497967915
55 56 0.0217092642105000
56 56 0.0892559886919000
69 56 0.0000012624584971
70 56 -0.0000007363964838
71 56 0.0219620117987000
72 56 -0.0096084261653000
42 57 0.0325634229459000
57 57 0.2145651899530000
58 57 0.0217089486306000
42 58 -0.0135680928941000
57 58 0.0217089486306000
58 58 0.0892547263878000
73 58 0.0219616962181000
74 58 -0.0096082420954000
44 59 0.0000033669183438
59 59 0.0000336691834381
60 59 0.0000050503775157
44 60 -0.0000021043239649
59 60 0.0000050503775157
60 60 0.0000202015100629
75 60 0.0000050503775157
76 60 -0.0000029460535508
45 61 0.0517165215196000
46 61 0.0000615852200546
61 61 0.2499014207370000
62 61 -0.0000190138031456
77 61 0.0368391305752000
78 61 -0.0000450529623865
45 62 -0.0000635196682643
46 62 -0.0000000725079443
61 62 -0.0000190138031456
62 62 0.0000001633510739
77 62 0.0000440710804612
78 62 -0.0000000516651190
47 63 0.0000081166781503
48 63 0.0000000099702356
63 63 0.0000562756351752
64 63 0.0000000042297969
79 63 0.0000113633494104
80 63 -0.0000000135957758
47 64 -0.0000000096681072
48 64 -0.0000000000113867
63 64 0.0000000042297969
64 64 0.0000000000364376
79 64 0.0000000138979041
80 64 -0.0000000000159414
50 65 0.0219616962181000
65 65 0.1528275683880000
66 65 0.0164712721636000
50 66 -0.0096082420954000
65 66 0.0164712721636000
66 66 0.0668185006579000
81 66 0.0165487130735000
82 66 -0.0074469208830700
51 67 0.0368391305752000
52 67 0.0000440710804612
67 67 0.1866667679200000
68 67 -0.0000105942963719
83 67 0.0286204711102000
84 67 -0.0000349180853742
51 68 -0.0000450529623865
52 68 -0.0000000516651190
67 68 -0.0000105942963719
68 68 0.0000001215038662
83 68 0.0000343253537502
84 68 -0.0000000401437528
54 69 0.0000050503775157
56 69 0.0000012624584971
69 69 0.0000471368568134
70 69 0.0000067338366876
71 69 0.0000117823756232
72 69 0.0000016831274380
54 70 -0.0000029460535508
56 70 -0.0000007363964838
69 70 0.0000067338366876
70 70 0.0000269353467505
71 70 0.0000016831274380
72 70 0.0000067324672415
85 70 0.0000067338366876
86 70 -0.0000037877831368
87 70 0.0000016831289562
88 70 -0.0000009466998305
54 71 0.0000012624584971
56 71 0.0219620117987000
69 71 0.0000117823756232
70 71 0.0000016831274380
71 71 0.1528305135220000
72 71 0.0164716928625000
54 72 -0.0000007363964838
56 72 -0.0096084261653000
69 72 0.0000016831274380
70 72 0.0000067324672415
71 72 0.0164716928625000
72 72 0.0668201834325000
85 72 0.0000016831289562
86 72 -0.0000009466998305
87 72 0.0165491337732000
88 72 -0.0074471574965500
58 73 0.0219616962181000
73 73 0.1528275683880000
74 73 0.0164712721636000
58 74 -0.0096082420954000
73 74 0.0164712721636000
74 74 0.0668185006579000
89 74 0.0165487130735000
90 74 -0.0074469208830700
60 75 0.0000050503775157
75 75 0.0000471368568134
76 75 0.0000067338366876
60 76 -0.0000029460535508
75 76 0.0000067338366876
76 76 0.0000269353467505
91 76 0.0000067338366876
92 76 -0.0000037877831368
61 77 0.0368391305752000
62 77 0.0000440710804612
77 77 0.1866667679200000
78 77 -0.0000105942963719
93 77 0.0286204711102000
94 77 -0.0000349180853742
61 78 -0.0000450529623865
62 78 -0.0000000516651190
77 78 -0.0000105942963719
78 78 0.0000001215038662
93 78 0.0000343253537502
94 78 -0.0000000401437528
63 79 0.0000113633494104
64 79 0.0000000138979041
79 79 0.0000750341802335
80 79 0.0000000042297969
95 79 0.0000146100206705
96 79 -0.0000000175234444
63 80 -0.0000000135957758
64 80 -0.0000000000159414
79 80 0.0000000042297969
80 80 0.0000000000485835
95 80 0.0000000178255727
96 80 -0.0000000000204961
66 81 0.0165487130735000
81 81 0.1187282137950000
82 81 0.0132389704588000
66 82 -0.0074469208830700
81 82 0.0132389704588000
82 82 0.0534105025801000
97 82 0.0132702316001000
98 82 -0.0060821894833900
67 83 0.0286204711102000
68 83 0.0000343253537502
83 83 0.1490566971360000
84 83 -0.0000067511192889
99 83 0.0234034580169000
100 83 -0.0000285095019075
67 84 -0.0000349180853742
68 84 -0.0000000401437528
83 84 -0.0000067511192889
84 84 0.0000000968370015
99 84 0.0000281131342367
100 84 -0.0000000328282612
70 85 0.0000067338366876
72 85 0.0000016831289562
85 85 0.0000606045301886
86 85 0.0000084172958595
87 85 0.0000151472382797
88 85 0.0000021036703656
70 86 -0.0000037877831368
72 86 -0.0000009466998305
85 86 0.0000084172958595
86 86 0.0000336691834381
87 86 0.0000021036703656
88 86 0.0000084146275651
101 86 0.0000084172958595
102 86 -0.0000046295127227
103 86 0.0000021036718839
104 86 -0.0000011569314406
70 87 0.0000016831289562
72 87 0.0165491337732000
85 87 0.0000151472382797
86 87 0.0000021036703656
87 87 0.1187319996320000
88 87 0.0132394962130000
70 88 -0.0000009466998305
72 88 -0.0074471574965500
85 88 0.0000021036703656
86 88 0.0000084146275651
87 88 0.0132394962130000
88 88 0.0534126055702000
101 88 0.0000021036718839
102 88 -0.0000011569314406
103 88 0.0132707573551000
104 88 -0.0060824786046100
74 89 0.0165487130735000
89 89 0.1187282137950000
90 89 0.0132389704588000
74 90 -0.0074469208830700
89 90 0.0132389704588000
90 90 0.0534105025801000
105 90 0.0132702316001000
106 90 -0.0060821894833900
76 91 0.0000067338366876
91 91 0.0000606045301886
92 91 0.0000084172958595
76 92 -0.0000037877831368
91 92 0.0000084172958595
92 92 0.0000336691834381
107 92 0.0000084172958595
108 92 -0.0000046295127227
77 93 0.0286204711102000
78 93 0.0000343253537502
93 93 0.1490566971360000
94 93 -0.0000067511192889
109 93 0.0234034580169000
110 93 -0.0000285095019075
77 94 -0.0000349180853742
78 94 -0.0000000401437528
93 94 -0.0000067511192889
94 94 0.0000000968370015
109 94 0.0000281131342367
110 94 -0.0000000328282612
79 95 0.0000146100206705
80 95 0.0000000178255727
95 95 0.0000937927252919
96 95 0.0000000042297969
111 95 0.0000178566919306
112 95 -0.0000000214511129
79 96 -0.0000000175234444
80 96 -0.0000000000204961
95 96 0.0000000042297969
96 96 0.0000000000607293
111 96 0.0000000217532413
112 96 -0.0000000000250508
82 97 0.0132702316001000
97 97 0.0970844273937000
98 97 0.0110585263334000
82 98 -0.0060821894833900
97 98 0.0110585263334000
98 98 0.0444889268813000
113 98 0.0110734845011000
114 98 -0.0051412606612500
83 99 0.0234034580169000
84 99 0.0000281131342367
99 99 0.1240896043480000
100 99 -0.0000046773715473
115 99 0.0197964677461000
116 99 -0.0000240899857810
83 100 -0.0000285095019075
84 100 -0.0000000328282612
99 100 -0.0000046773715473
100 100 0.0000000805334246
115 100 0.0000238063681179
116 100 -0.0000000277696761
86 101 0.0000084172958595
88 101 0.0000021036718839
101 101 0.0000740722035639
102 101 0.0000101007550314
103 101 0.0000185109531520
104 101 0.0000025240538787
86 102 -0.0000046295127227
88 102 -0.0000011569314406
101 102 0.0000101007550314
102 102 0.0000404030201257
103 102 0.0000025240538787
104 102 0.0000100961502309
117 102 0.0000101007550314
118 102 -0.0000054712423087
119 102 0.0000025240553970
120 102 -0.0000013670753729
86 103 0.0000021036718839
88 103 0.0132707573551000
101 103 0.0000185109531520
102 103 0.0000025240538787
103 103 0.0970890533582000
104 103 0.0110591570633000
86 104 -0.0000011569314406
88 104 -0.0060824786046100
101 104 0.0000025240538787
102 104 0.0000100961502309
103 104 0.0110591570633000
104 104 0.0444914497682000
117 104 0.0000025240553970
118 104 -0.0000013670753729
119 104 0.0110741152318000
120 104 -0.0051416022463900
90 105 0.0132702316001000
105 105 0.0970844273937000
106 105 0.0110585263334000
90 106 -0.0060821894833900
105 106 0.0110585263334000
106 106 0.0444889268813000
121 106 0.0110734845011000
122 106 -0.0051412606612500
92 107 0.0000084172958595
107 107 0.0000740722035639
108 107 0.0000101007550314
92 108 -0.0000046295127227
107 108 0.0000101007550314
108 108 0.0000404030201257
123 108 0.0000101007550314
124 108 -0.0000054712423087
93 109 0.0234034580169000
94 109 0.0000281131342367
109 109 0.1240896043480000
110 109 -0.0000046773715473
125 109 0.0197964677461000
126 109 -0.0000240899857810
93 110 -0.0000285095019075
94 110 -0.0000000328282612
109 110 -0.0000046773715473
110 110 0.0000000805334246
125 110 0.0000238063681179
126 110 -0.0000000277696761
95 111 0.0000178566919306
96 111 0.0000000217532413
111 111 0.0001125512703500
112 111 0.0000000042297969
127 111 0.0000211033631907
128 111 -0.0000000253787815
95 112 -0.0000000214511129
96 112 -0.0000000000250508
111 112 0.0000000042297969
112 112 0.0000000000728752
127 112 0.0000000256809098
128 112 -0.0000000000296055
98 113 0.0110734845011000
113 113 0.0821207465620000
114 113 0.0094915581438400
98 114 -0.0051412606612500
113 114 0.0094915581438400
114 114 0.0381231843574000
129 114 0.0094995943636900
130 114 -0.0044529348579800
99 115 0.0197964677461000
100 115 0.0000238063681179
115 115 0.1062985447920000
116 115 -0.0000034316347076
131 115 0.0171534302328000
132 115 -0.0000208574564576
99 116 -0.0000240899857810
100 116 -0.0000000277696761
115 116 -0.0000034316347076
116 116 0.0000000689443214
131 116 0.0000206445090696
132 116 -0.0000000240626600
102 117 0.0000101007550314
104 117 0.0000025240553970
117 117 0.0000875398769391
118 117 0.0000117842142033
119 117 0.0000218732651771
120 117 0.0000029442460945
102 118 -0.0000054712423087
104 118 -0.0000013670753729
117 118 0.0000117842142033
118 118 0.0000471368568134
119 118 0.0000029442460945
120 118 0.0000117769077074
133 118 0.0000117842142033
134 118 -0.0000063129718946
135 118 0.0000029442476128
136 118 -0.0000015771156857
102 119 0.0000025240553970
104 119 0.0110741152318000
117 119 0.0000218732651771
118 119 0.0000029442460945
119 119 0.0821262119538000
120 119 0.0094922937537800
102 120 -0.0000013670753729
104 120 -0.0051416022463900
117 120 0.0000029442460945
118 120 0.0000117769077074
119 120 0.0094922937537800
120 120 0.0381261267589000
133 120 0.0000029442476128
134 120 -0.0000015771156857
135 120 0.0095003299743800
136 120 -0.0044533288552800
106 121 0.0110734845011000
121 121 0.0821207465620000
122 121 0.0094915581438400
106 122 -0.0051412606612500
121 122 0.0094915581438400
122 122 0.0381231843574000
137 122 0.0094995943636900
138 122 -0.0044529348579800
108 123 0.0000101007550314
123 123 0.0000875398769391
124 123 0.0000117842142033
108 124 -0.0000054712423087
123 124 0.0000117842142033
124 124 0.0000471368568134
139 124 0.0000117842142033
140 124 -0.0000063129718946
109 125 0.0197964677461000
110 125 0.0000238063681179
125 125 0.1062985447920000
126 125 -0.0000034316347076
141 125 0.0171534302328000
142 125 -0.0000208574564576
109 126 -0.0000240899857810
110 126 -0.0000000277696761
125 126 -0.0000034316347076
126 126 0.0000000689443214
141 126 0.0000206445090696
142 126 -0.0000000240626600
111 127 0.0000211033631907
112 127 0.0000000256809098
127 127 0.0001313098154090
128 127 0.0000000042297969
143 127 0.0000243500344508
144 127 -0.0000000293064500
111 128 -0.0000000253787815
112 128 -0.0000000000296055
127 128 0.0000000042297969
128 128 0.0000000000850210
143 128 0.0000000296085784
144 128 -0.0000000000341602
114 129 0.0094995943636900
129 129 0.0711563127433000
130 129 0.0083121450682300
114 130 -0.0044529348579800
129 130 0.0083121450682300
130 130 0.0333520266367000
145 130 0.0083168414667300
146 130 -0.0039273973592900
115 131 0.0171534302328000
116 131 0.0000206445090696
131 131 0.0929749914308000
132 131 -0.0000026249684035
147 131 0.0151333119236000
148 131 -0.0000183901456350
115 132 -0.0000208574564576
116 132 -0.0000000240626600
131 132 -0.0000026249684035
132 132 0.0000000602785549
147 132 0.0000182243982320
148 132 -0.0000000212291696
118 133 0.0000117842142033
120 133 0.0000029442476128
133 133 0.0001010075503140
134 133 0.0000134676733752
135 133 0.0000252339192919
136 133 0.0000033642151301
118 134 -0.0000063129718946
120 134 -0.0000015771156857
133 134 0.0000134676733752
134 134 0.0000538706935010
135 134 0.0000033642151301
136 134 0.0000134567724628
149 134 0.0000134676733753
150 134 -0.0000071547014806
151 134 0.0000033642166483
152 134 -0.0000017870364377
118 135 0.0000029442476128
120 135 0.0095003299743800
133 135 0.0000252339192919
134 135 0.0000033642151301
135 135 0.0711626167343000
136 135 0.0083129854467500
118 136 -0.0000015771156857
120 136 -0.0044533288552800
133 136 0.0000033642151301
134 136 0.0000134567724628
135 136 0.0083129854467500
136 136 0.0333553881068000
149 136 0.0000033642166483
150 136 -0.0000017870364377
151 136 0.0083176818460000
152 136 -0.0039278437090400
122 137 0.0094995943636900
137 137 0.0711563127433000
138 137 0.0083121450682300
122 138 -0.0044529348579800
137 138 0.0083121450682300
138 138 0.0333520266367000
153 138 0.0083168414667300
154 138 -0.0039273973592900
124 139 0.0000117842142033
139 139 0.0001010075503140
140 139 0.0000134676733752
124 140 -0.0000063129718946
139 140 0.0000134676733752
140 140 0.0000538706935010
155 140 0.0000134676733753
156 140 -0.0000071547014806
125 141 0.0171534302328000
126 141 0.0000206445090696
141 141 0.0929749914308000
142 141 -0.0000026249684035
157 141 0.0151333119236000
158 141 -0.0000183901456350
125 142 -0.0000208574564576
126 142 -0.0000000240626600
141 142 -0.0000026249684035
142 142 0.0000000602785549
157 142 0.0000182243982320
158 142 -0.0000000212291696
127 143 0.0000243500344508
128 143 0.0000000296085784
143 143 0.0001500683604670
144 143 0.0000000042297969
159 143 0.0000275967057109
160 143 -0.0000000332341186
127 144 -0.0000000293064500
128 144 -0.0000000000341602
143 144 0.0000000042297969
144 144 0.0000000000971669
159 144 0.0000000335362470
160 144 -0.0000000000387149
130 145 0.0083168414667300
145 145 0.0627761415528000
146 145 0.0073927479704300
130 146 -0.0039273973592900
145 146 0.0073927479704300
146 146 0.0296427448662000
161 146 0.0073956738238300
162 146 -0.0035129450663200
131 147 0.0151333119236000
132 147 0.0000182243982320
147 147 0.0826223928410000
148 147 -0.0000020727647522
163 147 0.0135390350345000
164 147 -0.0000164450068625
131 148 -0.0000183901456350
132 148 -0.0000000212291696
147 148 -0.0000020727647522
148 148 0.0000000535519185
163 148 0.0000163123407165
164 148 -0.0000000189928962
134 149 0.0000134676733753
136 149 0.0000033642166483
149 149 0.0001144752236900
150 149 0.0000151511325472
151 149 0.0000285926604333
152 149 0.0000037839291025
134 150 -0.0000071547014806
136 150 -0.0000017870364377
149 150 0.0000151511325472
150 150 0.0000606045301886
151 150 0.0000037839291025
152 150 0.0000151356169658
165 150 0.0000151511325472
166 150 -0.0000079964310665
167 150 0.0000037839306207
168 150 -0.0000019968216874
134 151 0.0000033642166483
136 151 0.0083176818460000
149 151 0.0000285926604333
150 151 0.0000037839291025
151 151 0.0627832831875000
152 151 0.0073936929901700
134 152 -0.0000017870364377
136 152 -0.0039278437090400
149 152 0.0000037839291025
150 152 0.0000151356169658
151 152 0.0073936929901700
152 152 0.0296465248955000
165 152 0.0000037839306207
166 152 -0.0000019968216874
167 152 0.0073966188443200
168 152 -0.0035134437008800
138 153 0.0083168414667300
153 153 0.0627761415528000
154 153 0.0073927479704300
138 154 -0.0039273973592900
153 154 0.0073927479704300
154 154 0.0296427448662000
169 154 0.0073956738238300
170 154 -0.0035129450663200
140 155 0.0000134676733753
155 155 0.0001144752236900
156 155 0.0000151511325472
140 156 -0.0000071547014806
155 156 0.0000151511325472
156 156 0.0000606045301886
171 156 0.0000151511325472
172 156 -0.0000079964310665
141 157 0.0151333119236000
142 157 0.0000182243982320
157 157 0.0826223928410000
158 157 -0.0000020727647522
173 157 0.0135390350345000
174 157 -0.0000164450068625
141 158 -0.0000183901456350
142 158 -0.0000000212291696
157 158 -0.0000020727647522
158 158 0.0000000535519185
173 158 0.0000163123407165
174 158 -0.0000000189928962
143 159 0.0000275967057109
144 159 0.0000000335362470
159 159 0.0001688269055250
160 159 0.0000000042297969
175 159 0.0000308433769710
176 159 -0.0000000371617872
143 160 -0.0000000332341186
144 160 -0.0000000000387149
159 160 0.0000000042297969
160 160 0.0000000001093128
175 160 0.0000000374639155
176 160 -0.0000000000432696
146 161 0.0073956738238300
161 161 0.0561625829303000
162 161 0.0066561064414400
146 162 -0.0035129450663200
161 162 0.0066561064414400
162 162 0.0266762205686000
177 162 0.0066580232477300
178 162 -0.0031776929136900
147 163 0.0135390350345000
148 163 0.0000163123407165
163 163 0.0743459796391000
164 163 -0.0000016781966101
179 163 0.0122487491183000
180 163 -0.0000148720938681
147 164 -0.0000164450068625
148 164 -0.0000000189928962
163 164 -0.0000016781966101
164 164 0.0000000481780747
179 164 0.0000147635082032
180 164 -0.0000000171829793
150 165 0.0000151511325472
152 165 0.0000037839306207
165 165 0.0001279428970650
166 165 0.0000168345917191
167 165 0.0000319492335380
168 165 0.0000042033561289
150 166 -0.0000079964310665
152 166 -0.0000019968216874
165 166 0.0000168345917191
166 166 0.0000673383668762
167 166 0.0000042033561289
168 166 0.0000168133136847
181 166 0.0000168345917191
182 166 -0.0000088381606525
183 166 0.0000042033576471
184 166 -0.0000022064554934
150 167 0.0000037839306207
152 167 0.0073966188443200
165 167 0.0000319492335380
166 167 0.0000042033561289
167 167 0.0561705611264000
168 167 0.0066571559591800
150 168 -0.0000019968216874
152 168 -0.0035134437008800
165 168 0.0000042033561289
166 168 0.0000168133136847
167 168 0.0066571559591800
168 168 0.0266804185842000
181 168 0.0000042033576471
182 168 -0.0000022064554934
183 168 0.0066590727662300
184 168 -0.0031782437574800
154 169 0.0073956738238300
169 169 0.0561625829303000
170 169 0.0066561064414400
154 170 -0.0035129450663200
169 170 0.0066561064414400
170 170 0.0266762205686000
185 170 0.0066580232477300
186 170 -0.0031776929136900
156 171 0.0000151511325472
171 171 0.0001279428970650
172 171 0.0000168345917191
156 172 -0.0000079964310665
171 172 0.0000168345917191
172 172 0.0000673383668762
187 172 0.0000168345917191
188 172 -0.0000088381606525
157 173 0.0135390350345000
158 173 0.0000163123407165
173 173 0.0743459796391000
174 173 -0.0000016781966101
189 173 0.0122487491183000
190 173 -0.0000148720938681
157 174 -0.0000164450068625
158 174 -0.0000000189928962
173 174 -0.0000016781966101
174 174 0.0000000481780747
189 174 0.0000147635082032
190 174 -0.0000000171829793
159 175 0.0000308433769710
160 175 0.0000000374639155
175 175 0.0001875854505840
176 175 0.0000000042297969
191 175 0.0000340900482311
192 175 -0.0000000410894557
159 176 -0.0000000371617872
160 176 -0.0000000000432696
175 176 0.0000000042297969
176 176 0.0000000001214586
191 176 0.0000000413915841
192 176 -0.0000000000478243
162 177 0.0066580232477300
177 177 0.0508101144488000
178 177 0.0060527484070300
162 178 -0.0031776929136900
177 178 0.0060527484070300
178 178 0.0242495982891000
193 178 0.0060540561767300
194 178 -0.0029009019180200
163 179 0.0122487491183000
164 179 0.0000147635082032
179 179 0.0675777288775000
180 179 -0.0000013864856943
195 179 0.0111830552967000
196 179 -0.0000135738687224
163 180 -0.0000148720938681
164 180 -0.0000000171829793
179 180 -0.0000013864856943
180 180 0.0000000437857184
195 180 0.0000134833552518
196 180 -0.0000000156880742
166 181 0.0000168345917191
168 181 0.0000042033576471
181 181 0.0001414105704400
182 181 0.0000185180508910
183 181 0.0000353033835429
184 181 0.0000046224643264
166 182 -0.0000088381606525
168 182 -0.0000022064554934
181 182 0.0000185180508910
182 182 0.0000740722035639
183 182 0.0000046224643264
184 182 0.0000184897350879
197 182 0.0000185180508910
198 182 -0.0000096798902385
199 182 0.0000046224658446
200 182 -0.0000024159219142
166 183 0.0000042033576471
168 183 0.0066590727662300
181 183 0.0000353033835429
182 183 0.0000046224643264
183 183 0.0508189279971000
184 183 0.0060539022636900
166 184 -0.0000022064554934
168 184 -0.0031782437574800
181 184 0.0000046224643264
182 184 0.0000184897350879
183 184 0.0060539022636900
184 184 0.0242542136548000
197 184 0.0000046224658446
198 184 -0.0000024159219142
199 184 0.0060552100341400
200 184 -0.0029015048875400
170 185 0.0066580232477300
185 185 0.0508101144488000
186 185 0.0060527484070300
170 186 -0.0031776929136900
185 186 0.0060527484070300
186 186 0.0242495982891000
201 186 0.0060540561767300
202 186 -0.0029009019180200
172 187 0.0000168345917191
187 187 0.0001414105704400
188 187 0.0000185180508910
172 188 -0.0000088381606525
187 188 0.0000185180508910
188 188 0.0000740722035639
203 188 0.0000185180508910
204 188 -0.0000096798902385
173 189 0.0122487491183000
174 189 0.0000147635082032
189 189 0.0675777288775000
190 189 -0.0000013864856943
205 189 0.0111830552967000
206 189 -0.0000135738687224
173 190 -0.0000148720938681
174 190 -0.0000000171829793
189 190 -0.0000013864856943
190 190 0.0000000437857184
205 190 0.0000134833552518
206 190 -0.0000000156880742
175 191 0.0000340900482311
176 191 0.0000000413915841
191 191 0.0002063439956420
192 191 0.0000000042297969
207 191 0.0000373367194912
208 191 -0.0000000450171243
175 192 -0.0000000410894557
176 192 -0.0000000000478243
191 192 0.0000000042297969
192 192 0.0000000001336045
207 192 0.0000000453192527
208 192 -0.0000000000523790
178 193 0.0060540561767300
193 193 0.0463893418068000
194 193 0.0055495514953400
178 194 -0.0029009019180200
193 194 0.0055495514953400
194 194 0.0222277457597000
209 194 0.0055504740989200
210 194 -0.0026684971629400
179 195 0.0111830552967000
180 195 0.0000134833552518
195 195 0.0619396147708000
196 195 -0.0000011647434634
211 195 0.0102879965187000
212 195 -0.0000124841407177
179 196 -0.0000135738687224
180 196 -0.0000000156880742
195 196 -0.0000011647434634
196 196 0.0000000401281791
211 196 0.0000124075358439
212 196 -0.0000000144325092
182 197 0.0000185180508910
184 197 0.0000046224658446
197 197 0.0001548782438150
198 197 0.0000202015100629
199 197 0.0000386548553850
200 197 0.0000050412218121
182 198 -0.0000096798902385
184 198 -0.0000024159219142
197 198 0.0000202015100629
198 198 0.0000808060402515
199 198 0.0000050412218121
200 198 0.0000201647536439
213 198 0.0000202015100629
214 198 -0.0000105216198244
215 198 0.0000050412233303
216 198 -0.0000026252050084
182 199 0.0000046224658446
184 199 0.0060552100341400
197 199 0.0000386548553850
198 199 0.0000050412218121
199 199 0.0463989893713000
200 199 0.0055508095160000
182 200 -0.0000024159219142
184 200 -0.0029015048875400
197 200 0.0000050412218121
198 200 0.0000201647536439
199 200 0.0055508095160000
200 200 0.0222327777758000
213 200 0.0000050412233303
214 200 -0.0000026252050084
215 200 0.0055517321203400
216 200 -0.0026691521667900
186 201 0.0060540561767300
201 201 0.0463893418068000
202 201 0.0055495514953400
186 202 -0.0029009019180200
201 202 0.0055495514953400
202 202 0.0222277457597000
217 202 0.0055504740989200
218 202 -0.0026684971629400
188 203 0.0000185180508910
203 203 0.0001548782438150
204 203 0.0000202015100629
188 204 -0.0000096798902385
203 204 0.0000202015100629
204 204 0.0000808060402515
219 204 0.0000202015100629
220 204 -0.0000105216198244
189 205 0.0111830552967000
190 205 0.0000134833552518
205 205 0.0619396147708000
206 205 -0.0000011647434634
221 205 0.0102879965187000
222 205 -0.0000124841407177
189 206 -0.0000135738687224
190 206 -0.0000000156880742
205 206 -0.0000011647434634
206 206 0.0000000401281791
221 206 0.0000124075358439
222 206 -0.0000000144325092
191 207 0.0000373367194912
192 207 0.0000000453192527
207 207 0.0002251025407010
208 207 0.0000000042297969
223 207 0.0000405833907513
224 207 -0.0000000489447929
191 208 -0.0000000450171243
192 208 -0.0000000000523790
207 208 0.0000000042297969
208 208 0.0000000001457504
223 208 0.0000000492469212
224 208 -0.0000000000569337
194 209 0.0055504740989200
209 209 0.0426764230634000
210 209 0.0051235145528600
194 210 -0.0026684971629400
209 210 0.0051235145528600
210 210 0.0205171635154000
225 210 0.0051241839521700
226 210 -0.0024705886912300
195 211 0.0102879965187000
196 211 0.0000124075358439
211 211 0.0571702638143000
212 211 -0.0000009922522010
227 211 0.0095256211350700
228 211 -0.0000115564077672
195 212 -0.0000124841407177
196 212 -0.0000000144325092
211 212 -0.0000009922522010
212 212 0.0000000370351293
227 212 0.0000114907352943
228 212 -0.0000000133630567
198 213 0.0000202015100629
200 213 0.0000050412233303
213 213 0.0001683459171910
214 213 0.0000218849692348
215 213 0.0000420033940011
216 213 0.0000054595967031
198 214 -0.0000105216198244
200 214 -0.0000026252050084
213 214 0.0000218849692348
214 214 0.0000875398769391
215 214 0.0000054595967031
216 214 0.0000218382418211
229 214 0.0000218849692348
230 214 -0.0000113633494104
231 214 0.0000054595982213
232 214 -0.0000028342888344
198 215 0.0000050412233303
200 215 0.0055517321203400
213 215 0.0000420033940011
214 215 0.0000054595967031
215 215 0.0426869031816000
216 215 0.0051248765468100
198 216 -0.0000026252050084
200 216 -0.0026691521667900
213 216 0.0000054595967031
214 216 0.0000218382418211
215 216 0.0051248765468100
216 216 0.0205226114190000
229 216 0.0000054595982213
230 216 -0.0000028342888344
231 216 0.0051255459468800
232 216 -0.0024712956300900
202 217 0.0055504740989200
217 217 0.0426764230634000
218 217 0.0051235145528600
202 218 -0.0026684971629400
217 218 0.0051235145528600
218 218 0.0205171635154000
233 218 0.0051241839521700
234 218 -0.0024705886912300
204 219 0.0000202015100629
219 219 0.0001683459171910
220 219 0.0000218849692348
204 220 -0.0000105216198244
219 220 0.0000218849692348
220 220 0.0000875398769391
235 220 0.0000218849692348
236 220 -0.0000113633494104
205 221 0.0102879965187000
206 221 0.0000124075358439
221 221 0.0571702638143000
222 221 -0.0000009922522010
237 221 0.0095256211350700
238 221 -0.0000115564077672
205 222 -0.0000124841407177
206 222 -0.0000000144325092
221 222 -0.0000009922522010
222 222 0.0000000370351293
237 222 0.0000114907352943
238 222 -0.0000000133630567
207 223 0.0000405833907513
208 223 0.0000000492469212
223 223 0.0002438610857590
224 223 0.0000000042297969
239 223 0.0000438300620114
240 223 -0.0000000528724614
207 224 -0.0000000489447929
208 224 -0.0000000000569337
223 224 0.0000000042297969
224 224 0.0000000001578962
239 224 0.0000000531745898
240 224 -0.0000000000614884
210 225 0.0051241839521700
225 225 0.0395139173267000
226 225 0.0047581708127400
210 226 -0.0024705886912300
225 226 0.0047581708127400
226 226 0.0190510954042000
241 226 0.0047586682328300
242 226 -0.0023000229792000
211 227 0.0095256211350700
212 227 0.0000114907352943
227 227 0.0530831639629000
228 227 -0.0000008554331586
243 227 0.0088684570603300
244 227 -0.0000107570415364
211 228 -0.0000115564077672
212 228 -0.0000000133630567
227 228 -0.0000008554331586
228 228 0.0000000343851480
243 228 0.0000107001176583
244 228 -0.0000000124411851
214 229 0.0000218849692348
216 229 0.0000054595982213
229 229 0.0001818135905660
230 229 0.0000235684284067
231 229 0.0000453487443281
232 229 0.0000058775571165
214 230 -0.0000113633494104
216 230 -0.0000028342888344
229 230 0.0000235684284067
230 230 0.0000942737136267
231 230 0.0000058775571165
232 230 0.0000235100720879
245 230 0.0000235684284067
246 230 -0.0000122050789963
247 230 0.0000058775586347
248 230 -0.0000030431574510
214 231 0.0000054595982213
216 231 0.0051255459468800
229 231 0.0000453487443281
230 231 0.0000058775571165
231 231 0.0395252284097000
232 231 0.0047596365734800
214 232 -0.0000028342888344
216 232 -0.0024712956300900
229 232 0.0000058775571165
230 232 0.0000235100720879
231 232 0.0047596365734800
232 232 0.0190569583693000
245 232 0.0000058775586347
246 232 -0.0000030431574510
247 232 0.0047601339943200
248 232 -0.0023007817458900
218 233 0.0051241839521700
233 233 0.0395139173267000
234 233 0.0047581708127400
218 234 -0.0024705886912300
233 234 0.0047581708127400
234 234 0.0190510954042000
249 234 0.0047586682328300
250 234 -0.0023000229792000
220 235 0.0000218849692348
235 235 0.0001818135905660
236 235 0.0000235684284067
220 236 -0.0000113633494104
235 236 0.0000235684284067
236 236 0.0000942737136267
251 236 0.0000235684284067
252 236 -0.0000122050789963
221 237 0.0095256211350700
222 237 0.0000114907352943
237 237 0.0530831639629000
238 237 -0.0000008554331586
253 237 0.0088684570603300
254 237 -0.0000107570415364
221 238 -0.0000115564077672
222 238 -0.0000000133630567
237 238 -0.0000008554331586
238 238 0.0000000343851480
253 238 0.0000107001176583
254 238 -0.0000000124411851
223 239 0.0000438300620114
224 239 0.0000000531745898
239 239 0.0002626196308170
240 239 0.0000000042297969
255 239 0.0000470767332715
256 239 -0.0000000568001300
223 240 -0.0000000528724614
224 240 -0.0000000000614884
239 240 0.0000000042297969
240 240 0.0000000001700421
255 240 0.0000000571022583
256 240 -0.0000000000660431
226 241 0.0047586682328300
241 241 0.0367878590446000
242 241 0.0044414236839800
226 242 -0.0023000229792000
241 242 0.0044414236839800
242 242 0.0177806035983000
257 242 0.0044418009871300
258 242 -0.0021514973531400
227 243 0.0088684570603300
228 243 0.0000107001176583
243 243 0.0495416446091000
244 243 -0.0000007450851407
259 243 0.0082961277176300
260 243 -0.0000100611202704
227 244 -0.0000107570415364
228 244 -0.0000000124411851
243 244 -0.0000007450851407
244 244 0.0000000320893313
259 244 0.0000100113063763
260 244 -0.0000000116383140
230 245 0.0000235684284067
232 245 0.0000058775586347
245 245 0.0001952812639410
246 245 0.0000252518875786
247 245 0.0000486906513028
248 245 0.0000062950711694
230 246 -0.0000122050789963
232 246 -0.0000030431574510
245 246 0.0000252518875786
246 246 0.0001010075503140
247 246 0.0000062950711694
248 246 0.0000251801169129
261 246 0.0000252518875786
262 246 -0.0000130468085823
263 246 0.0000062950726876
264 246 -0.0000032517949167
230 247 0.0000058775586347
232 247 0.0047601339943200
245 247 0.0000486906513028
246 247 0.0000062950711694
247 247 0.0367999993775000
248 247 0.0044429929892500
230 248 -0.0000030431574510
232 248 -0.0023007817458900
245 248 0.0000062950711694
246 248 0.0000251801169129
247 248 0.0044429929892500
248 248 0.0177868807359000
261 248 0.0000062950726876
262 248 -0.0000032517949167
263 248 0.0044433702931500
264 248 -0.0021523078326000
234 249 0.0047586682328300
249 249 0.0367878590446000
250 249 0.0044414236839800
234 250 -0.0023000229792000
249 250 0.0044414236839800
250 250 0.0177806035983000
265 250 0.0044418009871300
266 250 -0.0021514973531400
236 251 0.0000235684284067
251 251 0.0001952812639410
252 251 0.0000252518875786
236 252 -0.0000122050789963
251 252 0.0000252518875786
252 252 0.0001010075503140
267 252 0.0000252518875786
268 252 -0.0000130468085823
237 253 0.0088684570603300
238 253 0.0000107001176583
253 253 0.0495416446091000
254 253 -0.0000007450851407
269 253 0.0082961277176300
270 253 -0.0000100611202704
237 254 -0.0000107570415364
238 254 -0.0000000124411851
253 254 -0.0000007450851407
254 254 0.0000000320893313
269 254 0.0000100113063763
270 254 -0.0000000116383140
239 255 0.0000470767332715
240 255 0.0000000571022583
255 255 0.0002813781758760
256 255 0.0000000042297969
271 255 0.0000503234045316
272 255 -0.0000000607277986
239 256 -0.0000000568001300
240 256 -0.0000000000660431
255 256 0.0000000042297969
256 256 0.0000000001821880
271 256 0.0000000610299269
272 256 -0.0000000000705978
242 257 0.0044418009871300
257 257 0.0344137185195000
258 257 0.0041641884254400
242 258 -0.0021514973531400
257 258 0.0041641884254400
258 258 0.0166689946760000
273 258 0.0041644797843300
274 258 -0.0020209975424000
243 259 0.0082961277176300
244 259 0.0000100113063763
259 259 0.0464432653880000
260 259 -0.0000006547936983
275 259 0.0077931999195300
276 259 -0.0000094497820481
243 260 -0.0000100611202704
244 260 -0.0000000116383140
259 260 -0.0000006547936983
260 260 0.0000000300810839
275 260 0.0000094058246143
276 260 -0.0000000109327961
246 261 0.0000252518875786
248 261 0.0000062950726876
261 261 0.0002087489373160
262 261 0.0000269353467505
263 261 0.0000520288598620
264 261 0.0000067121069790
246 262 -0.0000130468085823
248 262 -0.0000032517949167
261 262 0.0000269353467505
262 262 0.0001077413870020
263 262 0.0000067121069790
264 262 0.0000268482487643
277 262 0.0000269353467505
278 262 -0.0000138885381682
279 262 0.0000067121084972
280 262 -0.0000034601852899
246 263 0.0000062950726876
248 263 0.0044433702931500
261 263 0.0000520288598620
262 263 0.0000067121069790
263 263 0.0344266862611000
264 263 0.0041658610372500
246 264 -0.0000032517949167
248 264 -0.0021523078326000
261 264 0.0000067121069790
262 264 0.0000268482487643
263 264 0.0041658610372500
264 264 0.0166756850341000
277 264 0.0000067121084972
278 264 -0.0000034601852899
279 264 0.0041661523968900
280 264 -0.0020218596117000
250 265 0.0044418009871300
265 265 0.0344137185195000
266 265 0.0041641884254400
250 266 -0.0021514973531400
265 266 0.0041641884254400
266 266 0.0166689946760000
281 266 0.0041644797843300
282 266 -0.0020209975424000
252 267 0.0000252518875786
267 267 0.0002087489373160
268 267 0.0000269353467505
252 268 -0.0000130468085823
267 268 0.0000269353467505
268 268 0.0001077413870020
283 268 0.0000269353467505
284 268 -0.0000138885381682
253 269 0.0082961277176300
254 269 0.0000100113063763
269 269 0.0464432653880000
270 269 -0.0000006547936983
285 269 0.0077931999195300
286 269 -0.0000094497820481
253 270 -0.0000100611202704
254 270 -0.0000000116383140
269 270 -0.0000006547936983
270 270 0.0000000300810839
285 270 0.0000094058246143
286 270 -0.0000000109327961
255 271 0.0000503234045316
256 271 0.0000000610299269
271 271 0.0003001367209340
272 271 0.0000000042297969
287 271 0.0000535700757918
288 271 -0.0000000646554671
255 272 -0.0000000607277986
256 272 -0.0000000000705978
