1733 1733 22189
1 1 1.5246604920952800
2 1 0.0805639206190221
45 1 -0.9084880872856940
46 1 -0.3774226230238270
1 2 0.0805639206190221
2 2 1.5246604920952800
3 2 0.0805639206190207
45 2 -0.3774226230238270
46 2 -0.9084880872856940
47 2 -0.3774226230238270
2 3 0.0805639206190207
3 3 1.5246604920952800
4 3 0.0805639206190207
46 3 -0.3774226230238260
47 3 -0.9084880872856940
48 3 -0.3774226230238270
3 4 0.0805639206190207
4 4 1.5246604920952600
5 4 0.0805639206190136
47 4 -0.3774226230238260
48 4 -0.9084880872856790
49 4 -0.3774226230238200
4 5 0.0805639206190136
5 5 1.5246604920952700
6 5 0.0805639206190292
48 5 -0.3774226230238200
49 5 -0.9084880872856900
50 5 -0.3774226230238270
5 6 0.0805639206190292
6 6 1.5246604920952700
7 6 0.0805639206190119
49 6 -0.3774226230238270
50 6 -0.9084880872856860
51 6 -0.3774226230238180
6 7 0.0805639206190119
7 7 1.5246604920952700
8 7 0.0805639206190292
50 7 -0.3774226230238180
51 7 -0.9084880872856860
52 7 -0.3774226230238270
7 8 0.0805639206190292
8 8 1.5246604920952700
9 8 0.0805639206190132
51 8 -0.3774226230238270
52 8 -0.9084880872856900
53 8 -0.3774226230238200
8 9 0.0805639206190132
9 9 1.5246604920952600
10 9 0.0805639206190167
52 9 -0.3774226230238200
53 9 -0.9084880872856720
54 9 -0.3774226230238240
9 10 0.0805639206190167
10 10 0.7668302460476329
53 10 -0.3774226230238240
54 10 -0.4519940436428400
11 11 0.7668302460476329
12 11 0.0805639206190158
55 11 -0.4519940436428410
56 11 -0.3774226230238220
11 12 0.0805639206190158
12 12 1.5246604920952600
13 12 0.0805639206190123
55 12 -0.3774226230238220
56 12 -0.9084880872856690
57 12 -0.3774226230238180
12 13 0.0805639206190123
13 13 1.5246604920952600
14 13 0.0805639206190274
56 13 -0.3774226230238180
57 13 -0.9084880872856830
58 13 -0.3774226230238270
13 14 0.0805639206190274
14 14 1.5246604920952800
15 14 0.0805639206190025
57 14 -0.3774226230238270
58 14 -0.9084880872856830
61 14 -0.3774226230238220
14 15 0.0805639206190025
15 15 1.5246604920952800
16 15 0.0805639206190270
58 15 -0.3774226230238240
61 15 -0.9084880872856790
64 15 -0.3774226230238270
15 16 0.0805639206190270
16 16 1.5246604920952800
17 16 0.0805639206190025
61 16 -0.3774226230238270
64 16 -0.9084880872856830
67 16 -0.3774226230238220
16 17 0.0805639206190025
17 17 1.5246604920953100
18 17 0.0805639206190660
64 17 -0.3774226230238240
67 17 -0.9084880872857330
70 17 -0.3774226230238430
17 18 0.0805639206190660
18 18 1.5246604920953100
19 18 0.0805639206190274
67 18 -0.3774226230238430
70 18 -0.9084880872857610
73 18 -0.3774226230238270
18 19 0.0805639206190274
19 19 1.5246604920952400
20 19 0.0805639206189612
70 19 -0.3774226230238270
73 19 -0.9084880872856190
76 19 -0.3774226230238040
19 20 0.0805639206189612
20 20 1.5246604920952600
73 20 -0.3774226230238040
76 20 -0.9084880872856650
21 21 1663333336.3526799678802490
23 21 831666666.8202929496765137
77 21 -831666667.5751379728317261
80 21 -415833333.7107489705085754
81 21 -249999999.9999960064888000
22 22 601202407.8289870023727417
24 22 -300601202.2511619925498962
78 22 300601201.4963170289993286
80 22 -249999999.9999960064888000
81 22 -150300601.5798240005970001
21 23 831666666.8202929496765137
23 23 1663333336.3526799678802490
25 23 831666666.8202929496765137
77 23 -415833333.7107489705085754
78 23 249999999.9999960064888000
80 23 -831666667.5751379728317261
83 23 -415833333.7107489705085754
84 23 -249999999.9999960064888000
22 24 -300601202.2511619925498962
24 24 601202407.8289870023727417
26 24 -300601202.2511619925498962
77 24 249999999.9999960064888000
78 24 -150300601.5798240005970001
81 24 300601201.4963170289993286
83 24 -249999999.9999960064888000
84 24 -150300601.5798240005970001
23 25 831666666.8202929496765137
25 25 1663333336.3526799678802490
27 25 831666666.8202929496765137
80 25 -415833333.7107489705085754
81 25 249999999.9999960064888000
83 25 -831666667.5751379728317261
86 25 -415833333.7107489705085754
87 25 -249999999.9999960064888000
24 26 -300601202.2511619925498962
26 26 601202407.8289870023727417
28 26 -300601202.2511619925498962
80 26 249999999.9999960064888000
81 26 -150300601.5798240005970001
84 26 300601201.4963170289993286
86 26 -249999999.9999960064888000
87 26 -150300601.5798240005970001
25 27 831666666.8202929496765137
27 27 1663333336.3526799678802490
29 27 831666666.8202970027923584
83 27 -415833333.7107489705085754
84 27 249999999.9999960064888000
86 27 -831666667.5751379728317261
87 27 0.0000019073486328
89 27 -415833333.7107509970664978
90 27 -249999999.9999980032444000
26 28 -300601202.2511619925498962
28 28 601202407.8289870023727417
30 28 -300601202.2511630058288574
83 28 249999999.9999960064888000
84 28 -150300601.5798240005970001
86 28 -0.0000019073486328
87 28 300601201.4963170289993286
89 28 -249999999.9999980032444000
90 28 -150300601.5798250138759613
27 29 831666666.8202970027923584
29 29 1663333336.3526799678802490
31 29 831666666.8202929496765137
86 29 -415833333.7107509970664978
87 29 249999999.9999980032444000
89 29 -831666667.5751379728317261
90 29 -0.0000019073486328
92 29 -415833333.7107489705085754
93 29 -249999999.9999960064888000
28 30 -300601202.2511630058288574
30 30 601202407.8289870023727417
32 30 -300601202.2511619925498962
86 30 249999999.9999980032444000
87 30 -150300601.5798250138759613
89 30 0.0000019073486328
90 30 300601201.4963170289993286
92 30 -249999999.9999960064888000
93 30 -150300601.5798240005970001
29 31 831666666.8202929496765137
31 31 1663333336.3526799678802490
33 31 831666666.8202899694442749
89 31 -415833333.7107489705085754
90 31 249999999.9999960064888000
92 31 -831666667.5751340389251709
93 31 0.0000028610229492
95 31 -415833333.7107470035552979
96 31 -249999999.9999989867210388
30 32 -300601202.2511619925498962
32 32 601202407.8289949893951416
34 32 -300601202.2511709928512573
89 32 249999999.9999960064888000
90 32 -150300601.5798240005970001
92 32 -0.0000028610229492
93 32 300601201.4963210225105286
95 32 -249999999.9999989867210388
96 32 -150300601.5798290073871613
31 33 831666666.8202899694442749
33 33 1663333336.3526999950408936
35 33 831666666.8203159570693970
92 33 -415833333.7107470035552979
93 33 249999999.9999989867210388
95 33 -831666667.5751459598541260
98 33 -415833333.7107599973678589
99 33 -249999999.9999989867210388
32 34 -300601202.2511709928512573
34 34 601202407.8289910554885864
36 34 -300601202.2511600255966187
92 34 249999999.9999989867210388
93 34 -150300601.5798290073871613
96 34 300601201.4963210225105286
98 34 -249999999.9999989867210388
99 34 -150300601.5798229873180389
33 35 831666666.8203159570693970
35 35 1663333336.3526799678802490
37 35 831666666.8202739953994751
95 35 -415833333.7107599973678589
96 35 249999999.9999989867210388
98 35 -831666667.5751379728317261
101 35 -415833333.7107390165328979
102 35 -249999999.9999989867210388
34 36 -300601202.2511600255966187
36 36 601202407.8289949893951416
38 36 -300601202.2511749863624573
95 36 249999999.9999989867210388
96 36 -150300601.5798229873180389
99 36 300601201.4963229894638062
101 36 -249999999.9999989867210388
102 36 -150300601.5798310041427612
35 37 831666666.8202739953994751
37 37 1663333336.3526499271392822
98 37 -415833333.7107390165328979
99 37 249999999.9999989867210388
101 37 -831666667.5751270055770874
102 37 -0.0000028610229492
36 38 -300601202.2511749863624573
38 38 601202407.8289990425109863
98 38 249999999.9999989867210388
99 38 -150300601.5798310041427612
101 38 0.0000028610229492
102 38 300601201.4963229894638062
39 39 1663333336.3526699542999268
41 39 831666666.8203159570693970
106 39 -831666667.5751299858093262
109 39 -415833333.7107599973678589
110 39 -249999999.9999989867210388
40 40 601202407.8290020227432251
42 40 -300601202.2511600255966187
107 40 300601201.4963260293006897
109 40 -249999999.9999989867210388
110 40 -150300601.5798229873180389
39 41 831666666.8203159570693970
41 41 1663333336.3527200222015381
43 41 831666666.8203159570693970
106 41 -415833333.7107599973678589
107 41 249999999.9999989867210388
109 41 -831666667.5751609802246094
112 41 -415833333.7107599973678589
113 41 -249999999.9999989867210388
40 42 -300601202.2511600255966187
42 42 601202407.8289790153503418
44 42 -300601202.2511600255966187
106 42 249999999.9999989867210388
107 42 -150300601.5798229873180389
110 42 300601201.4963150024414062
112 42 -249999999.9999989867210388
113 42 -150300601.5798229873180389
41 43 831666666.8203159570693970
43 43 1663333336.3527200222015381
59 43 831666666.8203159570693970
109 43 -415833333.7107599973678589
110 43 249999999.9999989867210388
112 43 -831666667.5751609802246094
115 43 -415833333.7107599973678589
116 43 -249999999.9999989867210388
42 44 -300601202.2511600255966187
44 44 601202407.8289790153503418
60 44 -300601202.2511600255966187
109 44 249999999.9999989867210388
110 44 -150300601.5798229873180389
113 44 300601201.4963150024414062
115 44 -249999999.9999989867210388
116 44 -150300601.5798229873180389
1 45 -0.9084880872856940
2 45 -0.3774226230238270
45 45 3.0193809841905601
46 45 0.1536428412380380
79 45 -0.9084880872856720
82 45 -0.3774226230238180
1 46 -0.3774226230238270
2 46 -0.9084880872856940
3 46 -0.3774226230238260
45 46 0.1536428412380380
46 46 3.0193809841905601
47 46 0.1536428412380370
79 46 -0.3774226230238200
82 46 -0.9084880872856760
85 46 -0.3774226230238180
2 47 -0.3774226230238270
3 47 -0.9084880872856940
4 47 -0.3774226230238260
46 47 0.1536428412380370
47 47 3.0193809841905601
48 47 0.1536428412380370
82 47 -0.3774226230238200
85 47 -0.9084880872856760
88 47 -0.3774226230238180
3 48 -0.3774226230238270
4 48 -0.9084880872856790
5 48 -0.3774226230238200
47 48 0.1536428412380370
48 48 3.0193809841905499
49 48 0.1536428412380260
85 48 -0.3774226230238200
88 48 -0.9084880872856720
91 48 -0.3774226230238240
4 49 -0.3774226230238200
5 49 -0.9084880872856900
6 49 -0.3774226230238270
48 49 0.1536428412380260
49 49 3.0193809841905601
50 49 0.1536428412380590
88 49 -0.3774226230238240
91 49 -0.9084880872856860
94 49 -0.3774226230238270
5 50 -0.3774226230238270
6 50 -0.9084880872856860
7 50 -0.3774226230238180
49 50 0.1536428412380590
50 50 3.0193809841905601
51 50 0.1536428412380230
91 50 -0.3774226230238290
94 50 -0.9084880872856860
97 50 -0.3774226230238220
6 51 -0.3774226230238180
7 51 -0.9084880872856860
8 51 -0.3774226230238270
50 51 0.1536428412380230
51 51 3.0193809841905601
52 51 0.1536428412380590
94 51 -0.3774226230238240
97 51 -0.9084880872856830
100 51 -0.3774226230238270
7 52 -0.3774226230238270
8 52 -0.9084880872856900
9 52 -0.3774226230238200
51 52 0.1536428412380590
52 52 3.0193809841905601
53 52 0.1536428412380260
97 52 -0.3774226230238290
100 52 -0.9084880872856900
103 52 -0.3774226230238240
8 53 -0.3774226230238200
9 53 -0.9084880872856720
10 53 -0.3774226230238240
52 53 0.1536428412380260
53 53 3.0193809841905499
54 53 0.1536428412380290
100 53 -0.3774226230238240
103 53 -0.9084880872856650
104 53 -0.3774226230238200
9 54 -0.3774226230238240
10 54 -0.4519940436428400
53 54 0.1536428412380290
54 54 1.5186904920952600
103 54 -0.3774226230238220
104 54 -0.4519940436428320
11 55 -0.4519940436428410
12 55 -0.3774226230238220
55 55 1.5186904920952600
56 55 0.1536428412380340
105 55 -0.4519940436428400
108 55 -0.3774226230238240
11 56 -0.3774226230238220
12 56 -0.9084880872856690
13 56 -0.3774226230238180
55 56 0.1536428412380340
56 56 3.0193809841905499
57 56 0.1536428412380230
105 56 -0.3774226230238240
108 56 -0.9084880872856690
111 56 -0.3774226230238220
12 57 -0.3774226230238180
13 57 -0.9084880872856830
14 57 -0.3774226230238270
56 57 0.1536428412380230
57 57 3.0193809841905499
58 57 0.1536428412380550
108 57 -0.3774226230238240
111 57 -0.9084880872856830
114 57 -0.3774226230238270
13 58 -0.3774226230238270
14 58 -0.9084880872856830
15 58 -0.3774226230238240
57 58 0.1536428412380550
58 58 3.0193809841905601
61 58 0.1536428412380110
111 58 -0.3774226230238270
114 58 -0.9084880872856720
117 58 -0.3774226230238180
43 59 831666666.8203159570693970
59 59 1663333336.3526198863983154
62 59 831666666.8202170133590698
112 59 -415833333.7107599973678589
113 59 249999999.9999989867210388
115 59 -831666667.5751110315322876
116 59 -0.0000019073486328
118 59 -415833333.7107110023498535
119 59 -249999999.9999969899654388
44 60 -300601202.2511600255966187
60 60 601202407.8290139436721802
63 60 -300601202.2511919736862183
112 60 249999999.9999989867210388
113 60 -150300601.5798229873180389
115 60 0.0000019073486328
116 60 300601201.4963300228118896
118 60 -249999999.9999969899654388
119 60 -150300601.5798400044441223
14 61 -0.3774226230238220
15 61 -0.9084880872856790
16 61 -0.3774226230238270
58 61 0.1536428412380110
61 61 3.0193809841905499
64 61 0.1536428412380550
114 61 -0.3774226230238180
117 61 -0.9084880872856720
120 61 -0.3774226230238270
59 62 831666666.8202170133590698
62 62 1663333336.3526000976562500
65 62 831666666.8202899694442749
115 62 -415833333.7107110023498535
116 62 249999999.9999969899654388
118 62 -831666667.5750960111618042
119 62 0.0000019073486328
121 62 -415833333.7107470035552979
122 62 -249999999.9999989867210388
60 63 -300601202.2511919736862183
63 63 601202407.8290250301361084
66 63 -300601202.2511709928512573
115 63 249999999.9999969899654388
116 63 -150300601.5798400044441223
118 63 -0.0000019073486328
119 63 300601201.4963359832763672
121 63 -249999999.9999989867210388
122 63 -150300601.5798290073871613
15 64 -0.3774226230238270
16 64 -0.9084880872856830
17 64 -0.3774226230238240
61 64 0.1536428412380550
64 64 3.0193809841905601
67 64 0.1536428412380110
117 64 -0.3774226230238270
120 64 -0.9084880872856720
123 64 -0.3774226230238180
62 65 831666666.8202899694442749
65 65 1663333336.3526699542999268
68 65 831666666.8202899694442749
118 65 -415833333.7107470035552979
119 65 249999999.9999989867210388
121 65 -831666667.5751340389251709
124 65 -415833333.7107470035552979
125 65 -249999999.9999989867210388
63 66 -300601202.2511709928512573
66 66 601202407.8290020227432251
69 66 -300601202.2511709928512573
118 66 249999999.9999989867210388
119 66 -150300601.5798290073871613
122 66 300601201.4963260293006897
124 66 -249999999.9999989867210388
125 66 -150300601.5798290073871613
16 67 -0.3774226230238220
17 67 -0.9084880872857330
18 67 -0.3774226230238430
64 67 0.1536428412380110
67 67 3.0193809841906201
70 67 0.1536428412381320
120 67 -0.3774226230238180
123 67 -0.9084880872857251
126 67 -0.3774226230238420
65 68 831666666.8202899694442749
68 68 1663333336.3526699542999268
71 68 831666666.8202899694442749
121 68 -415833333.7107470035552979
122 68 249999999.9999989867210388
124 68 -831666667.5751340389251709
127 68 -415833333.7107470035552979
128 68 -249999999.9999989867210388
66 69 -300601202.2511709928512573
69 69 601202407.8290020227432251
72 69 -300601202.2511709928512573
121 69 249999999.9999989867210388
122 69 -150300601.5798290073871613
125 69 300601201.4963260293006897
127 69 -249999999.9999989867210388
128 69 -150300601.5798290073871613
17 70 -0.3774226230238430
18 70 -0.9084880872857610
19 70 -0.3774226230238270
67 70 0.1536428412381320
70 70 3.0193809841906298
73 70 0.1536428412380550
123 70 -0.3774226230238430
126 70 -0.9084880872857570
129 70 -0.3774226230238270
68 71 831666666.8202899694442749
71 71 1663333336.3526399135589600
74 71 831666666.8202589750289917
124 71 -415833333.7107470035552979
125 71 249999999.9999989867210388
127 71 -831666667.5751190185546875
130 71 -415833333.7107319831848145
131 71 -249999999.9999989867210388
69 72 -300601202.2511709928512573
72 72 601202407.8290139436721802
75 72 -300601202.2511829733848572
124 72 249999999.9999989867210388
125 72 -150300601.5798290073871613
128 72 300601201.4963319897651672
130 72 -249999999.9999989867210388
131 72 -150300601.5798349976539612
18 73 -0.3774226230238270
19 73 -0.9084880872856190
20 73 -0.3774226230238040
70 73 0.1536428412380550
73 73 3.0193809841904899
76 73 0.1536428412379260
126 73 -0.3774226230238270
129 73 -0.9084880872856220
132 73 -0.3774226230238040
71 74 831666666.8202589750289917
74 74 1663333336.3526699542999268
127 74 -415833333.7107319831848145
128 74 249999999.9999989867210388
130 74 -831666667.5751299858093262
72 75 -300601202.2511829733848572
75 75 601202407.8290020227432251
127 75 249999999.9999989867210388
128 75 -150300601.5798349976539612
131 75 300601201.4963260293006897
19 76 -0.3774226230238040
20 76 -0.9084880872856650
73 76 0.1536428412379260
76 76 3.0193809841905499
129 76 -0.3774226230238040
132 76 -0.9084880872856690
21 77 -831666667.5751379728317261
23 77 -415833333.7107489705085754
24 77 249999999.9999960064888000
77 77 1663333336.3526899814605713
78 77 -0.0000019073486328
80 77 831666666.8203010559082031
81 77 -0.0000028610229492
133 77 -831666667.5751529932022095
134 77 0.0000019073486328
136 77 -415833333.7107560038566589
137 77 -249999999.9999969899654388
22 78 300601201.4963170289993286
23 78 249999999.9999960064888000
24 78 -150300601.5798240005970001
77 78 -0.0000019073486328
78 78 601202407.8289829492568970
80 78 0.0000009536743164
81 78 -300601202.2511619925498962
133 78 0.0000019073486328
134 78 300601201.4963170289993286
136 78 -249999999.9999969899654388
137 78 -150300601.5798229873180389
45 79 -0.9084880872856720
46 79 -0.3774226230238200
79 79 3.0193809841905499
82 79 0.1536428412380360
135 79 -0.9084880872856830
138 79 -0.3774226230238260
21 80 -415833333.7107489705085754
22 80 -249999999.9999960064888000
23 80 -831666667.5751379728317261
25 80 -415833333.7107489705085754
26 80 249999999.9999960064888000
77 80 831666666.8203010559082031
78 80 0.0000009536743164
80 80 1663333336.3526899814605713
81 80 -0.0000019073486328
83 80 831666666.8203010559082031
84 80 -0.0000028610229492
133 80 -415833333.7107560038566589
134 80 249999999.9999989867210388
136 80 -831666667.5751529932022095
137 80 0.0000019073486328
139 80 -415833333.7107560038566589
140 80 -249999999.9999969899654388
21 81 -249999999.9999960064888000
22 81 -150300601.5798240005970001
24 81 300601201.4963170289993286
25 81 249999999.9999960064888000
26 81 -150300601.5798240005970001
77 81 -0.0000028610229492
78 81 -300601202.2511619925498962
80 81 -0.0000019073486328
81 81 601202407.8289829492568970
83 81 0.0000009536743164
84 81 -300601202.2511619925498962
133 81 249999999.9999989867210388
134 81 -150300601.5798250138759613
136 81 0.0000019073486328
137 81 300601201.4963170289993286
139 81 -249999999.9999969899654388
140 81 -150300601.5798229873180389
45 82 -0.3774226230238180
46 82 -0.9084880872856760
47 82 -0.3774226230238200
79 82 0.1536428412380360
82 82 3.0193809841905299
85 82 0.1536428412380420
135 82 -0.3774226230238270
138 82 -0.9084880872856900
141 82 -0.3774226230238260
23 83 -415833333.7107489705085754
24 83 -249999999.9999960064888000
25 83 -831666667.5751379728317261
27 83 -415833333.7107489705085754
28 83 249999999.9999960064888000
80 83 831666666.8203010559082031
81 83 0.0000009536743164
83 83 1663333336.3526899814605713
84 83 -0.0000019073486328
86 83 831666666.8203010559082031
87 83 -0.0000028610229492
136 83 -415833333.7107560038566589
137 83 249999999.9999989867210388
139 83 -831666667.5751529932022095
140 83 0.0000019073486328
142 83 -415833333.7107560038566589
143 83 -249999999.9999969899654388
23 84 -249999999.9999960064888000
24 84 -150300601.5798240005970001
26 84 300601201.4963170289993286
27 84 249999999.9999960064888000
28 84 -150300601.5798240005970001
80 84 -0.0000028610229492
81 84 -300601202.2511619925498962
83 84 -0.0000019073486328
84 84 601202407.8289829492568970
86 84 0.0000009536743164
87 84 -300601202.2511619925498962
136 84 249999999.9999989867210388
137 84 -150300601.5798250138759613
139 84 0.0000019073486328
140 84 300601201.4963170289993286
142 84 -249999999.9999969899654388
143 84 -150300601.5798229873180389
46 85 -0.3774226230238180
47 85 -0.9084880872856760
48 85 -0.3774226230238200
82 85 0.1536428412380420
85 85 3.0193809841905499
88 85 0.1536428412380420
138 85 -0.3774226230238290
141 85 -0.9084880872856970
144 85 -0.3774226230238260
25 86 -415833333.7107489705085754
26 86 -249999999.9999960064888000
27 86 -831666667.5751379728317261
28 86 -0.0000019073486328
29 86 -415833333.7107509970664978
30 86 249999999.9999980032444000
83 86 831666666.8203010559082031
84 86 0.0000009536743164
86 86 1663333336.3526899814605713
87 86 -0.0000028610229492
89 86 831666666.8202970027923584
90 86 -0.0000028610229492
139 86 -415833333.7107560038566589
140 86 249999999.9999989867210388
142 86 -831666667.5751500129699707
143 86 0.0000038146972656
145 86 -415833333.7107520103454590
146 86 -249999999.9999980032444000
25 87 -249999999.9999960064888000
26 87 -150300601.5798240005970001
27 87 0.0000019073486328
28 87 300601201.4963170289993286
29 87 249999999.9999980032444000
30 87 -150300601.5798250138759613
83 87 -0.0000028610229492
84 87 -300601202.2511619925498962
86 87 -0.0000028610229492
87 87 601202407.8289870023727417
90 87 -300601202.2511649727821350
139 87 249999999.9999989867210388
140 87 -150300601.5798250138759613
142 87 0.0000009536743164
143 87 300601201.4963189959526062
145 87 -249999999.9999980032444000
146 87 -150300601.5798250138759613
47 88 -0.3774226230238180
48 88 -0.9084880872856720
49 88 -0.3774226230238240
85 88 0.1536428412380420
88 88 3.0193809841905499
91 88 0.1536428412380300
141 88 -0.3774226230238290
144 88 -0.9084880872856900
147 88 -0.3774226230238240
27 89 -415833333.7107509970664978
28 89 -249999999.9999980032444000
29 89 -831666667.5751379728317261
30 89 0.0000019073486328
31 89 -415833333.7107489705085754
32 89 249999999.9999960064888000
86 89 831666666.8202970027923584
89 89 1663333336.3526799678802490
90 89 -0.0000019073486328
92 89 831666666.8203010559082031
93 89 -0.0000028610229492
142 89 -415833333.7107520103454590
143 89 250000000.0000010132789612
145 89 -831666667.5751500129699707
146 89 0.0000009536743164
148 89 -415833333.7107560038566589
149 89 -249999999.9999969899654388
27 90 -249999999.9999980032444000
28 90 -150300601.5798250138759613
29 90 -0.0000019073486328
30 90 300601201.4963170289993286
31 90 249999999.9999960064888000
32 90 -150300601.5798240005970001
86 90 -0.0000028610229492
87 90 -300601202.2511649727821350
89 90 -0.0000019073486328
90 90 601202407.8289910554885864
92 90 0.0000009536743164
93 90 -300601202.2511619925498962
142 90 250000000.0000010132789612
143 90 -150300601.5798290073871613
145 90 0.0000038146972656
146 90 300601201.4963189959526062
148 90 -249999999.9999969899654388
149 90 -150300601.5798229873180389
48 91 -0.3774226230238240
49 91 -0.9084880872856860
50 91 -0.3774226230238290
88 91 0.1536428412380300
91 91 3.0193809841905801
94 91 0.1536428412380650
144 91 -0.3774226230238260
147 91 -0.9084880872857010
150 91 -0.3774226230238310
29 92 -415833333.7107489705085754
30 92 -249999999.9999960064888000
31 92 -831666667.5751340389251709
32 92 -0.0000028610229492
33 92 -415833333.7107470035552979
34 92 249999999.9999989867210388
89 92 831666666.8203010559082031
90 92 0.0000009536743164
92 92 1663333336.3526899814605713
93 92 -0.0000028610229492
95 92 831666666.8202970027923584
96 92 -0.0000038146972656
145 92 -415833333.7107560038566589
146 92 249999999.9999989867210388
148 92 -831666667.5751500129699707
149 92 0.0000057220458984
151 92 -415833333.7107539772987366
152 92 -249999999.9999989867210388
29 93 -249999999.9999960064888000
30 93 -150300601.5798240005970001
31 93 0.0000028610229492
32 93 300601201.4963210225105286
33 93 249999999.9999989867210388
34 93 -150300601.5798290073871613
89 93 -0.0000028610229492
90 93 -300601202.2511619925498962
92 93 -0.0000028610229492
93 93 601202407.8289910554885864
96 93 -300601202.2511709928512573
145 93 249999999.9999989867210388
146 93 -150300601.5798250138759613
149 93 300601201.4963210225105286
151 93 -249999999.9999989867210388
152 93 -150300601.5798270106315613
49 94 -0.3774226230238270
50 94 -0.9084880872856860
51 94 -0.3774226230238240
91 94 0.1536428412380650
94 94 3.0193809841905801
97 94 0.1536428412380260
147 94 -0.3774226230238340
150 94 -0.9084880872857040
153 94 -0.3774226230238260
31 95 -415833333.7107470035552979
32 95 -249999999.9999989867210388
33 95 -831666667.5751459598541260
35 95 -415833333.7107599973678589
36 95 249999999.9999989867210388
92 95 831666666.8202970027923584
95 95 1663333336.3527100086212158
96 95 -0.0000047683715820
98 95 831666666.8203200101852417
99 95 -0.0000019073486328
148 95 -415833333.7107539772987366
149 95 250000000.0000030100345612
151 95 -831666667.5751570463180542
152 95 0.0000019073486328
154 95 -415833333.7107639908790588
155 95 -249999999.9999980032444000
31 96 -249999999.9999989867210388
32 96 -150300601.5798290073871613
34 96 300601201.4963210225105286
35 96 249999999.9999989867210388
36 96 -150300601.5798229873180389
92 96 -0.0000038146972656
93 96 -300601202.2511709928512573
95 96 -0.0000047683715820
96 96 601202407.8289910554885864
98 96 -0.0000009536743164
99 96 -300601202.2511579990386963
148 96 250000000.0000030100345612
149 96 -150300601.5798319876194000
151 96 0.0000047683715820
152 96 300601201.4963189959526062
154 96 -249999999.9999980032444000
155 96 -150300601.5798220038414001
50 97 -0.3774226230238220
51 97 -0.9084880872856830
52 97 -0.3774226230238290
94 97 0.1536428412380260
97 97 3.0193809841905801
100 97 0.1536428412380650
150 97 -0.3774226230238290
153 97 -0.9084880872857040
156 97 -0.3774226230238310
33 98 -415833333.7107599973678589
34 98 -249999999.9999989867210388
35 98 -831666667.5751379728317261
37 98 -415833333.7107390165328979
38 98 249999999.9999989867210388
95 98 831666666.8203200101852417
96 98 -0.0000009536743164
98 98 1663333336.3526899814605713
101 98 831666666.8202819824218750
102 98 -0.0000057220458984
151 98 -415833333.7107639908790588
152 98 250000000.0000010132789612
154 98 -831666667.5751529932022095
155 98 0.0000066757202148
157 98 -415833333.7107489705085754
158 98 -250000000.0000010132789612
33 99 -249999999.9999989867210388
34 99 -150300601.5798229873180389
36 99 300601201.4963229894638062
37 99 249999999.9999989867210388
38 99 -150300601.5798310041427612
95 99 -0.0000019073486328
96 99 -300601202.2511579990386963
99 99 601202407.8289949893951416
101 99 0.0000019073486328
102 99 -300601202.2511749863624573
151 99 250000000.0000010132789612
152 99 -150300601.5798240005970001
155 99 300601201.4963229894638062
157 99 -250000000.0000010132789612
158 99 -150300601.5798299908638000
51 100 -0.3774226230238270
52 100 -0.9084880872856900
53 100 -0.3774226230238240
97 100 0.1536428412380650
100 100 3.0193809841905801
103 100 0.1536428412380300
153 100 -0.3774226230238340
156 100 -0.9084880872857010
159 100 -0.3774226230238240
35 101 -415833333.7107390165328979
36 101 -249999999.9999989867210388
37 101 -831666667.5751270055770874
38 101 0.0000028610229492
98 101 831666666.8202819824218750
99 101 0.0000019073486328
101 101 1663333336.3526699542999268
102 101 -0.0000047683715820
154 101 -415833333.7107489705085754
155 101 250000000.0000050067901611
157 101 -831666667.5751459598541260
158 101 -0.0000019073486328
35 102 -249999999.9999989867210388
36 102 -150300601.5798310041427612
37 102 -0.0000028610229492
38 102 300601201.4963229894638062
98 102 -0.0000057220458984
99 102 -300601202.2511749863624573
101 102 -0.0000047683715820
102 102 601202407.8289990425109863
154 102 250000000.0000050067901611
155 102 -150300601.5798340141773224
157 102 0.0000076293945312
158 102 300601201.4963250160217285
52 103 -0.3774226230238240
53 103 -0.9084880872856650
54 103 -0.3774226230238220
100 103 0.1536428412380300
103 103 3.0193809841905499
104 103 0.1536428412380320
156 103 -0.3774226230238260
159 103 -0.9084880872856830
160 103 -0.3774226230238260
53 104 -0.3774226230238200
54 104 -0.4519940436428320
103 104 0.1536428412380320
104 104 1.5186904920952700
159 104 -0.3774226230238270
160 104 -0.4519940436428410
55 105 -0.4519940436428400
56 105 -0.3774226230238240
105 105 1.5186904920952700
108 105 0.1536428412380390
161 105 -0.4519940436428480
164 105 -0.3774226230238260
39 106 -831666667.5751299858093262
41 106 -415833333.7107599973678589
42 106 249999999.9999989867210388
106 106 1663333336.3526599407196045
107 106 0.0000009536743164
109 106 831666666.8203200101852417
110 106 -0.0000019073486328
162 106 -831666667.5751340389251709
163 106 0.0000066757202148
165 106 -415833333.7107639908790588
166 106 -249999999.9999980032444000
40 107 300601201.4963260293006897
41 107 249999999.9999989867210388
42 107 -150300601.5798229873180389
106 107 0.0000009536743164
107 107 601202407.8289990425109863
109 107 -0.0000009536743164
110 107 -300601202.2511579990386963
162 107 -0.0000009536743164
163 107 300601201.4963210225105286
165 107 -249999999.9999980032444000
166 107 -150300601.5798220038414001
55 108 -0.3774226230238240
56 108 -0.9084880872856690
57 108 -0.3774226230238240
105 108 0.1536428412380390
108 108 3.0193809841905601
111 108 0.1536428412380260
161 108 -0.3774226230238290
164 108 -0.9084880872856860
167 108 -0.3774226230238260
39 109 -415833333.7107599973678589
40 109 -249999999.9999989867210388
41 109 -831666667.5751609802246094
43 109 -415833333.7107599973678589
44 109 249999999.9999989867210388
106 109 831666666.8203200101852417
107 109 -0.0000009536743164
109 109 1663333336.3527300357818604
110 109 -0.0000028610229492
112 109 831666666.8203200101852417
113 109 -0.0000019073486328
162 109 -415833333.7107639908790588
163 109 250000000.0000010132789612
165 109 -831666667.5751689672470093
166 109 0.0000028610229492
168 109 -415833333.7107639908790588
169 109 -249999999.9999980032444000
39 110 -249999999.9999989867210388
40 110 -150300601.5798229873180389
42 110 300601201.4963150024414062
43 110 249999999.9999989867210388
44 110 -150300601.5798229873180389
106 110 -0.0000019073486328
107 110 -300601202.2511579990386963
109 110 -0.0000028610229492
110 110 601202407.8289790153503418
112 110 -0.0000009536743164
113 110 -300601202.2511579990386963
162 110 250000000.0000010132789612
163 110 -150300601.5798240005970001
165 110 0.0000028610229492
166 110 300601201.4963129758834839
168 110 -249999999.9999980032444000
169 110 -150300601.5798220038414001
56 111 -0.3774226230238220
57 111 -0.9084880872856830
58 111 -0.3774226230238270
108 111 0.1536428412380260
111 111 3.0193809841905801
114 111 0.1536428412380570
164 111 -0.3774226230238290
167 111 -0.9084880872856970
170 111 -0.3774226230238270
41 112 -415833333.7107599973678589
42 112 -249999999.9999989867210388
43 112 -831666667.5751609802246094
59 112 -415833333.7107599973678589
60 112 249999999.9999989867210388
109 112 831666666.8203200101852417
110 112 -0.0000009536743164
112 112 1663333336.3527300357818604
113 112 -0.0000028610229492
115 112 831666666.8203200101852417
116 112 -0.0000019073486328
165 112 -415833333.7107639908790588
166 112 250000000.0000010132789612
168 112 -831666667.5751689672470093
169 112 0.0000028610229492
171 112 -415833333.7107639908790588
172 112 -249999999.9999980032444000
41 113 -249999999.9999989867210388
42 113 -150300601.5798229873180389
44 113 300601201.4963150024414062
59 113 249999999.9999989867210388
60 113 -150300601.5798229873180389
109 113 -0.0000019073486328
110 113 -300601202.2511579990386963
112 113 -0.0000028610229492
113 113 601202407.8289790153503418
115 113 -0.0000009536743164
116 113 -300601202.2511579990386963
165 113 250000000.0000010132789612
166 113 -150300601.5798240005970001
168 113 0.0000028610229492
169 113 300601201.4963129758834839
171 113 -249999999.9999980032444000
172 113 -150300601.5798220038414001
57 114 -0.3774226230238270
58 114 -0.9084880872856720
61 114 -0.3774226230238180
111 114 0.1536428412380570
114 114 3.0193809841905499
117 114 0.1536428412380150
167 114 -0.3774226230238310
170 114 -0.9084880872856830
173 114 -0.3774226230238200
43 115 -415833333.7107599973678589
44 115 -249999999.9999989867210388
59 115 -831666667.5751110315322876
60 115 0.0000019073486328
62 115 -415833333.7107110023498535
63 115 249999999.9999969899654388
112 115 831666666.8203200101852417
113 115 -0.0000009536743164
115 115 1663333336.3526399135589600
116 115 -0.0000009536743164
118 115 831666666.8202250003814697
119 115 -0.0000038146972656
168 115 -415833333.7107639908790588
169 115 250000000.0000010132789612
171 115 -831666667.5751229524612427
172 115 0.0000028610229492
174 115 -415833333.7107200026512146
175 115 -249999999.9999980032444000
43 116 -249999999.9999989867210388
44 116 -150300601.5798229873180389
59 116 -0.0000019073486328
60 116 300601201.4963300228118896
62 116 249999999.9999969899654388
63 116 -150300601.5798400044441223
112 116 -0.0000019073486328
113 116 -300601202.2511579990386963
115 116 -0.0000009536743164
116 116 601202407.8290100097656250
118 116 0.0000009536743164
119 116 -300601202.2511900067329407
168 116 250000000.0000010132789612
169 116 -150300601.5798240005970001
171 116 0.0000028610229492
172 116 300601201.4963279962539673
174 116 -249999999.9999980032444000
175 116 -150300601.5798369944095612
58 117 -0.3774226230238180
61 117 -0.9084880872856720
64 117 -0.3774226230238270
114 117 0.1536428412380150
117 117 3.0193809841905499
120 117 0.1536428412380570
170 117 -0.3774226230238220
173 117 -0.9084880872856790
176 117 -0.3774226230238270
59 118 -415833333.7107110023498535
60 118 -249999999.9999969899654388
62 118 -831666667.5750960111618042
63 118 -0.0000019073486328
65 118 -415833333.7107470035552979
66 118 249999999.9999989867210388
115 118 831666666.8202250003814697
116 118 0.0000009536743164
118 118 1663333336.3526198863983154
119 118 -0.0000038146972656
121 118 831666666.8202970027923584
122 118 -0.0000038146972656
171 118 -415833333.7107200026512146
172 118 250000000.0000010132789612
174 118 -831666667.5751149654388428
175 118 0.0000047683715820
177 118 -415833333.7107539772987366
178 118 -249999999.9999989867210388
59 119 -249999999.9999969899654388
60 119 -150300601.5798400044441223
62 119 0.0000019073486328
63 119 300601201.4963359832763672
65 119 249999999.9999989867210388
66 119 -150300601.5798290073871613
115 119 -0.0000038146972656
116 119 -300601202.2511900067329407
118 119 -0.0000038146972656
119 119 601202407.8290209770202637
122 119 -300601202.2511709928512573
171 119 250000000.0000010132789612
172 119 -150300601.5798409879207611
174 119 0.0000019073486328
175 119 300601201.4963359832763672
177 119 -249999999.9999989867210388
178 119 -150300601.5798270106315613
61 120 -0.3774226230238270
64 120 -0.9084880872856720
67 120 -0.3774226230238180
117 120 0.1536428412380570
120 120 3.0193809841905499
123 120 0.1536428412380150
173 120 -0.3774226230238310
176 120 -0.9084880872856830
179 120 -0.3774226230238200
62 121 -415833333.7107470035552979
63 121 -249999999.9999989867210388
65 121 -831666667.5751340389251709
68 121 -415833333.7107470035552979
69 121 249999999.9999989867210388
118 121 831666666.8202970027923584
121 121 1663333336.3526799678802490
122 121 -0.0000038146972656
124 121 831666666.8202970027923584
125 121 -0.0000038146972656
174 121 -415833333.7107539772987366
175 121 250000000.0000030100345612
177 121 -831666667.5751500129699707
178 121 0.0000038146972656
180 121 -415833333.7107539772987366
181 121 -249999999.9999989867210388
62 122 -249999999.9999989867210388
63 122 -150300601.5798290073871613
66 122 300601201.4963260293006897
68 122 249999999.9999989867210388
69 122 -150300601.5798290073871613
118 122 -0.0000038146972656
119 122 -300601202.2511709928512573
121 122 -0.0000038146972656
122 122 601202407.8290020227432251
125 122 -300601202.2511709928512573
174 122 250000000.0000030100345612
175 122 -150300601.5798319876194000
177 122 0.0000038146972656
178 122 300601201.4963260293006897
180 122 -249999999.9999989867210388
181 122 -150300601.5798270106315613
64 123 -0.3774226230238180
67 123 -0.9084880872857251
70 123 -0.3774226230238430
120 123 0.1536428412380150
123 123 3.0193809841906201
126 123 0.1536428412381340
176 123 -0.3774226230238220
179 123 -0.9084880872857330
182 123 -0.3774226230238420
65 124 -415833333.7107470035552979
66 124 -249999999.9999989867210388
68 124 -831666667.5751340389251709
71 124 -415833333.7107470035552979
72 124 249999999.9999989867210388
121 124 831666666.8202970027923584
124 124 1663333336.3526799678802490
125 124 -0.0000038146972656
127 124 831666666.8202970027923584
128 124 -0.0000038146972656
177 124 -415833333.7107539772987366
178 124 250000000.0000030100345612
180 124 -831666667.5751500129699707
181 124 0.0000038146972656
183 124 -415833333.7107539772987366
184 124 -249999999.9999989867210388
65 125 -249999999.9999989867210388
66 125 -150300601.5798290073871613
69 125 300601201.4963260293006897
71 125 249999999.9999989867210388
72 125 -150300601.5798290073871613
121 125 -0.0000038146972656
122 125 -300601202.2511709928512573
124 125 -0.0000038146972656
125 125 601202407.8290020227432251
128 125 -300601202.2511709928512573
177 125 250000000.0000030100345612
178 125 -150300601.5798319876194000
180 125 0.0000038146972656
181 125 300601201.4963260293006897
183 125 -249999999.9999989867210388
184 125 -150300601.5798270106315613
67 126 -0.3774226230238420
70 126 -0.9084880872857570
73 126 -0.3774226230238270
123 126 0.1536428412381340
126 126 3.0193809841906498
129 126 0.1536428412380570
179 126 -0.3774226230238450
182 126 -0.9084880872857650
185 126 -0.3774226230238270
68 127 -415833333.7107470035552979
69 127 -249999999.9999989867210388
71 127 -831666667.5751190185546875
74 127 -415833333.7107319831848145
75 127 249999999.9999989867210388
124 127 831666666.8202970027923584
127 127 1663333336.3526499271392822
128 127 -0.0000085830688477
130 127 831666666.8202550411224365
131 127 0.0000019073486328
180 127 -415833333.7107539772987366
181 127 250000000.0000030100345612
183 127 -831666667.5751229524612427
184 127 -0.0000019073486328
186 127 -415833333.7107300162315369
187 127 -249999999.9999940097332001
68 128 -249999999.9999989867210388
69 128 -150300601.5798290073871613
72 128 300601201.4963319897651672
74 128 249999999.9999989867210388
75 128 -150300601.5798349976539612
124 128 -0.0000038146972656
125 128 -300601202.2511709928512573
127 128 -0.0000085830688477
128 128 601202407.8290100097656250
130 128 -0.0000047683715820
131 128 -300601202.2511789798736572
180 128 250000000.0000030100345612
181 128 -150300601.5798319876194000
183 128 0.0000085830688477
184 128 300601201.4963279962539673
186 128 -249999999.9999940097332001
187 128 -150300601.5798290073871613
70 129 -0.3774226230238270
73 129 -0.9084880872856220
76 129 -0.3774226230238040
126 129 0.1536428412380570
129 129 3.0193809841904899
132 129 0.1536428412379280
182 129 -0.3774226230238310
185 129 -0.9084880872856220
188 129 -0.3774226230238010
71 130 -415833333.7107319831848145
72 130 -249999999.9999989867210388
74 130 -831666667.5751299858093262
127 130 831666666.8202550411224365
128 130 -0.0000047683715820
130 130 1663333336.3526599407196045
131 130 0.0000009536743164
183 130 -415833333.7107300162315369
184 130 249999999.9999969899654388
186 130 -831666667.5751340389251709
187 130 0.0000066757202148
71 131 -249999999.9999989867210388
72 131 -150300601.5798349976539612
75 131 300601201.4963260293006897
127 131 0.0000019073486328
128 131 -300601202.2511789798736572
130 131 0.0000009536743164
131 131 601202407.8289990425109863
183 131 249999999.9999969899654388
184 131 -150300601.5798330008983612
186 131 -0.0000009536743164
187 131 300601201.4963210225105286
73 132 -0.3774226230238040
76 132 -0.9084880872856690
129 132 0.1536428412379280
132 132 3.0193809841905499
185 132 -0.3774226230238040
188 132 -0.9084880872856650
77 133 -831666667.5751529932022095
78 133 0.0000019073486328
80 133 -415833333.7107560038566589
81 133 249999999.9999989867210388
133 133 1663333336.3526999950408936
134 133 -0.0000019073486328
136 133 831666666.8203010559082031
137 133 -0.0000019073486328
189 133 -831666667.5751420259475708
192 133 -415833333.7107509970664978
193 133 -249999999.9999989867210388
77 134 0.0000019073486328
78 134 300601201.4963170289993286
80 134 249999999.9999989867210388
81 134 -150300601.5798250138759613
133 134 -0.0000019073486328
134 134 601202407.8289870023727417
137 134 -300601202.2511630058288574
190 134 300601201.4963229894638062
