3363 3363 99471
1 1 0.0016423071595779
2 1 -0.0007421566577675
3 1 0.0000000014802974
4 1 -0.0002683840503573
6 1 -0.0000927707308387
7 1 0.0000000003700743
58 1 -0.0009001483833950
59 1 -0.0000000014802974
62 1 0.0003611530571266
63 1 -0.0000000008122553
1 2 -0.0007421566577675
2 2 3548765.3875468699261546
3 2 -0.0000000450585128
4 2 -0.0000927817516516
6 2 -1774382.6886399199720472
7 2 -0.0000000218541658
58 2 1774382.6857199000660330
59 2 0.0000000924438363
62 2 -887191.3434319499647245
63 2 -1111111.1111110900528729
1 3 0.0000000014802974
2 3 -0.0000000450585128
3 3 3710790.3720463998615742
4 3 333333.3333333429764025
6 3 444444.4444445280241780
7 3 927697.5827048120554537
58 3 -0.0000000151277696
59 3 -1855395.1729948599822819
62 3 -777777.7777777799637988
63 3 -463848.7954079019837081
1 4 -0.0002683840503573
2 4 -0.0000927817516516
3 4 333333.3333333429764025
4 4 55269.2457662224987871
5 4 -0.0000303035918121
6 4 73692.3264781227044296
7 4 -0.0000000013969839
8 4 -0.0001096821796188
9 4 -333333.3333333359914832
10 4 -25326.5374034943997685
12 4 -33768.7164470771967899
13 4 -83333.3333333269983996
58 4 0.0003611486104988
59 4 -166666.6666666620003525
62 4 -128961.5722443120030221
63 4 0.0000000020954758
64 4 0.0001399796451682
65 4 166666.6666666399978567
70 4 59095.2538505686025019
71 4 41666.6666666633027489
4 5 -0.0000303035918121
5 5 0.0008831960486794
6 5 -0.0001096814110978
7 5 0.0000000003700743
8 5 -0.0008774233059723
9 5 0.0000000014802974
10 5 -0.0000303033668673
12 5 -0.0001096807362632
13 5 0.0000000003700743
62 5 0.0001399809292081
63 5 0.0000000017792931
64 5 -0.0000057651576656
65 5 -0.0000000003700743
70 5 0.0001399805917908
71 5 -0.0000000019643303
1 6 -0.0000927707308387
2 6 -1774382.6886399199720472
3 6 444444.4444445280241780
4 6 73692.3264781227044296
5 6 -0.0001096814110978
6 6 2964069.1543848798610270
7 6 0.0000000377185643
8 6 -1500831.8458917099051178
9 6 -444444.4444445070112124
10 6 -33768.7164470748975873
12 6 142579.0252360909944400
13 6 -111111.1111111170030199
58 6 -887191.3434319649823010
59 6 888888.8888887800276279
62 6 1260957.5933177398983389
63 6 -0.0000000111758709
64 6 -750415.9230439889943227
65 6 -888888.8888889770023525
70 6 172595.6623417020018678
71 6 333333.3333332989714108
1 7 0.0000000003700743
2 7 -0.0000000218541658
3 7 927697.5827048120554537
4 7 -0.0000000013969839
5 7 0.0000000003700743
6 7 0.0000000377185643
7 7 506120.7674564719782211
8 7 -0.0000000238315854
9 7 1096785.4521904599387199
10 7 83333.3333333353948547
12 7 111111.1111111219943268
13 7 274196.3632294129929505
58 7 -0.0000000090767112
59 7 -463848.7954079119954258
62 7 0.0000000242143869
63 7 -253060.3801245829963591
64 7 -0.0000000100654210
65 7 -548392.7274459300097078
70 7 -194444.4444444540131371
71 7 -137098.1814458619919606
4 8 -0.0001096821796188
5 8 -0.0008774233059723
6 8 -1500831.8458917099051178
7 8 -0.0000000238315854
8 8 3001663.6961705698631704
9 8 0.0000000663802484
10 8 -0.0001096823740948
12 8 -1500831.8458917699754238
13 8 -0.0000000072371933
62 8 -750415.9230439770035446
63 8 1111111.1111110700294375
64 8 1500831.8427976400125772
65 8 0.0000000784557604
70 8 -750415.9230440410319716
71 8 -1111111.1111110399942845
4 9 -333333.3333333359914832
5 9 0.0000000014802974
6 9 -444444.4444445070112124
7 9 1096785.4521904599387199
8 9 0.0000000663802484
9 9 4387141.8222000598907471
10 9 333333.3333333400078118
12 9 444444.4444444400141947
13 9 1096785.4521903600543737
62 9 777777.7777777840383351
63 9 -548392.7274459300097078
64 9 0.0000000405916110
65 9 -2193570.9083982901647687
70 9 -777777.7777778280433267
71 9 -548392.7274459640029818
4 10 -25326.5374034943997685
5 10 -0.0000303033668673
6 10 -33768.7164470748975873
7 10 83333.3333333353948547
8 10 -0.0001096823740948
9 10 333333.3333333400078118
10 10 46748.5649483974993927
11 10 0.0000020429620058
12 10 62331.4187314312002854
13 10 -0.0000000130385160
14 10 -0.0001297042730697
15 10 -333333.3333333529881202
16 10 -21422.0270678654014773
18 10 -28562.7026433368009748
19 10 -83333.3333333301998209
62 10 59095.2538505717966473
63 10 -41666.6666666676974273
64 10 0.0001399806726544
65 10 -166666.6666666530072689
70 10 -109079.9836797949974425
71 10 -0.0000000100117177
72 10 0.0001276095570224
73 10 166666.6666666620003525
78 10 49984.7297112278029090
79 10 41666.6666666777018690
10 11 0.0000020429620058
11 11 0.0009684334057879
12 11 -0.0001296695468162
13 11 -0.0000000001850372
14 11 -0.0010373534095224
15 11 -0.0000000007401487
16 11 0.0000020428668729
18 11 -0.0001296693565503
19 11 -0.0000000001850372
70 11 0.0001276260163865
71 11 0.0000000003779412
72 11 0.0000689206649176
73 11 0.0000000007401487
78 11 0.0001276263969182
79 11 -0.0000000000078668
4 12 -33768.7164470771967899
5 12 -0.0001096807362632
6 12 142579.0252360909944400
7 12 111111.1111111219943268
8 12 -1500831.8458917699754238
9 12 444444.4444444400141947
10 12 62331.4187314312002854
11 12 -0.0001296695468162
12 12 2507108.1997190401889384
13 12 -0.0000000260770321
14 12 -1269453.4547023000195622
15 12 -444444.4444447869900614
16 12 -28562.7026433712999278
18 12 120598.0780324079969432
19 12 -111111.1111111729987897
62 12 172595.6623417059890926
63 12 -333333.3333333510090597
64 12 -750415.9230440260143951
65 12 888888.8888887610519305
70 12 1066559.8391085299663246
71 12 -0.0000002458691597
72 12 -634726.7276186610106379
73 12 -888888.8888888879446313
78 12 145987.1474173580063507
79 12 333333.3333335160277784
4 13 -83333.3333333269983996
5 13 0.0000000003700743
6 13 -111111.1111111170030199
7 13 274196.3632294129929505
8 13 -0.0000000072371933
9 13 1096785.4521903600543737
10 13 -0.0000000130385160
11 13 -0.0000000001850372
12 13 -0.0000000260770321
13 13 598369.4473365399753675
14 13 0.0000000543022890
15 13 1296692.3121437299996614
16 13 83333.3333333408954786
18 13 111111.1111110799974995
19 13 324173.0780236460268497
62 13 194444.4444444300024770
63 13 -137098.1814458559965715
64 13 -0.0000000017682250
65 13 -548392.7274458480533212
70 13 0.0000000232830644
71 13 -299184.7214866540161893
72 13 0.0000000241905498
73 13 -648346.1572143699740991
78 13 -194444.4444444880064111
79 13 -162086.5388690379913896
10 14 -0.0001297042730697
11 14 -0.0010373534095224
12 14 -1269453.4547023000195622
13 14 0.0000000543022890
14 14 2538906.9145913701504469
15 14 0.0000005194883692
16 14 -0.0001296394073875
18 14 -1269453.4547022599726915
19 14 0.0000000916346589
70 14 -634726.7276185860391706
71 14 1111111.1111114099621773
72 14 1269453.4513472600374371
73 14 -0.0000002684161588
78 14 -634726.7276187839452177
79 14 -1111111.1111115401145071
10 15 -333333.3333333529881202
11 15 -0.0000000007401487
12 15 -444444.4444447869900614
13 15 1296692.3121437299996614
14 15 0.0000005194883692
15 15 5186769.2608269797638059
16 15 333333.3333333539776504
18 15 444444.4444442130043171
19 15 1296692.3121435800567269
70 15 777777.7777777089504525
71 15 -648346.1572141649667174
72 15 0.0000002479018057
73 15 -2593384.6281283199787140
78 15 -777777.7777779849711806
79 15 -648346.1572145150275901
10 16 -21422.0270678654014773
11 16 0.0000020428668729
12 16 -28562.7026433712999278
13 16 83333.3333333408954786
14 16 -0.0001296394073875
15 16 333333.3333333539776504
16 16 39541.4900450810964685
17 16 0.0000344467130014
18 16 52721.9853898393994314
19 16 -0.0001932820305228
20 16 -0.0001533059470573
21 16 -333333.3333333639893681
22 16 -18119.4624831311994058
24 16 -24159.2831709595993743
25 16 -83333.3331400570023106
70 16 49984.7297112113010371
71 16 -41666.6666666587989312
72 16 0.0001276404677369
73 16 -166666.6666666709934361
78 16 -92263.4754349431023002
79 16 0.0000966272782534
80 16 0.0001188556276034
81 16 166666.6666666620003525
86 16 42278.7456540916973609
87 16 41666.6665700317971641
16 17 0.0000344467130014
17 17 0.0010808831427174
18 17 -0.0001533050979674
19 17 0.0000000000000000
20 17 -0.0012264252287763
21 17 -0.0000000000000000
22 17 0.0000344467122812
24 17 -0.0001533050972563
25 17 0.0000000000000000
78 17 0.0001188560521483
79 17 0.0000000016093316
80 17 0.0001455467516945
81 17 -0.0000000000000000
86 17 0.0001188560521573
87 17 -0.0000000016093315
10 18 -28562.7026433368009748
11 18 -0.0001296693565503
12 18 120598.0780324079969432
13 18 111111.1111110799974995
14 18 -1269453.4547022599726915
15 18 444444.4444442130043171
16 18 52721.9853898393994314
17 18 -0.0001533050979674
18 18 2120595.4385905400849879
19 18 -0.0002577602863312
20 18 -1073745.9215469099581242
21 18 -444444.4444444610271603
22 18 -24159.2831709605998185
24 18 102005.8624561350006843
25 18 -111111.1108534270024393
70 18 145987.1474173000024166
71 18 -333333.3333334010094404
72 18 -634726.7276186499511823
73 18 888888.8888892680406570
78 18 902131.7579831479815766
79 18 -0.0003866106271744
80 18 -536872.9612178580136970
81 18 -888888.8878579329466447
86 18 123480.7813138530036667
87 18 333333.3326895390055142
10 19 -83333.3333333301998209
11 19 -0.0000000001850372
12 19 -111111.1111111729987897
13 19 324173.0780236460268497
14 19 0.0000000916346589
15 19 1296692.3121435800567269
16 19 -0.0001932820305228
17 19 0.0000000000000000
18 19 -0.0002577602863312
19 19 707431.9418560339836404
20 19 0.0000000224321877
21 19 1533035.4271870700176805
22 19 83333.3335266137000872
24 19 111111.1113688049954362
25 19 383258.8557011560187675
70 19 194444.4444444139953703
71 19 -162086.5388689700048417
72 19 0.0000000428567347
73 19 -648346.1572142390068620
78 19 0.0004509622231126
79 19 -353715.9690827630111016
80 19 0.0000000112160938
81 19 -766517.7145598339848220
86 19 -194444.4448954389954451
87 19 -191629.4277298029919621
16 20 -0.0001533059470573
17 20 -0.0012264252287763
18 20 -1073745.9215469099581242
19 20 0.0000000224321877
20 20 2147491.8517163698561490
21 20 -0.0000000042960109
22 20 -0.0001533041090343
24 20 -1073745.9240372399799526
25 20 0.0000000013724911
78 20 -536872.9612178689567372
79 20 1111111.1121426699683070
80 20 1073745.9190818099305034
81 20 -0.0020615686935343
86 20 -536872.9624630550388247
87 20 -1111111.1100811699870974
16 21 -333333.3333333639893681
17 21 -0.0000000000000000
18 21 -444444.4444444610271603
19 21 1533035.4271870700176805
20 21 -0.0000000042960109
21 21 6132141.7059364002197981
22 21 333333.3333333660266362
24 21 444444.4444444659748115
25 21 1533035.4200758300721645
78 21 777777.7777778659947217
79 21 -766517.7145598980132490
80 21 -0.0000000021480054
81 21 -3066070.8510352498851717
86 21 -777777.7777778620366007
87 21 -766517.7110043279826641
16 22 -18119.4624831311994058
17 22 0.0000344467122812
18 22 -24159.2831709605998185
19 22 83333.3335266137000872
20 22 -0.0001533041090343
21 22 333333.3333333660266362
22 22 33445.5065581278977334
23 22 0.0000678185117149
24 22 44594.0072325732980971
25 22 -0.0006019747816026
26 22 -0.0001812791818298
27 22 -333333.3333333380287513
28 22 -15326.0435499823997816
30 22 -20434.7245634022001468
31 22 -83333.3329246319044614
78 22 42278.7456540928978939
79 22 -41666.6667633058968931
80 22 0.0001188565462683
81 22 -166666.6666666709934361
86 22 -78039.5137906736053992
87 22 0.0003009648062289
88 22 0.0001134102820369
89 22 166666.6666666620003525
94 22 35760.7681134087033570
95 22 41666.6664623333999771
22 23 0.0000678185117149
23 23 0.0012237050310269
24 23 -0.0001812439434881
25 23 -0.0000000003700743
26 23 -0.0014499675953228
27 23 -0.0000000014802974
28 23 0.0000678183739249
30 23 -0.0001812443500781
31 23 -0.0000000003700743
86 23 0.0001134277650852
87 23 -0.0000000016717648
88 23 0.0002262582379784
89 23 0.0000000003700743
94 23 0.0001134279691587
95 23 0.0000000018568020
16 24 -24159.2831709595993743
17 24 -0.0001533050972563
18 24 102005.8624561350006843
19 24 111111.1113688049954362
20 24 -1073745.9240372399799526
21 24 444444.4444444659748115
22 24 44594.0072325732980971
23 24 -0.0001812439434881
24 24 1793670.0993750800844282
25 24 -0.0008026938885450
26 24 -908209.9827621360309422
27 24 -444444.4444449410075322
28 24 -20434.7245634343998972
30 24 86279.9483134103938937
31 24 -111111.1105662290065084
78 24 123480.7813139039935777
79 24 -333333.3339781480026431
80 24 -536872.9624630139442161
81 24 888888.8899188640061766
86 24 763053.0221168319694698
87 24 -0.0012035220861435
88 24 -454104.9920148220262490
89 24 -888888.8867074589943513
94 24 104444.1485380230005831
95 24 333333.3319716789992526
16 25 -83333.3331400570023106
17 25 0.0000000000000000
18 25 -111111.1108534270024393
19 25 383258.8557011560187675
20 25 0.0000000013724911
21 25 1533035.4200758300721645
22 25 -0.0006019747816026
23 25 -0.0000000003700743
24 25 -0.0008026938885450
25 25 836372.8369845519773662
26 25 0.0000001740037813
27 25 1812455.8977755398955196
28 25 83333.3337420341995312
30 25 111111.1116559420042904
31 25 453113.9718147109961137
78 25 194444.4439934600086417
79 25 -191629.4277297660009935
80 25 0.0000000006862455
81 25 -766517.7110041639534757
86 25 0.0014045834541321
87 25 -418186.4169313979800791
88 25 0.0000000873719650
89 25 -906227.9497051839716733
94 25 -194444.4453981360129546
95 25 -226556.9858052920026239
22 26 -0.0001812791818298
23 26 -0.0014499675953228
24 26 -908209.9827621360309422
25 26 0.0000001740037813
26 26 1816419.9772279500029981
27 26 0.0000009232831511
28 26 -0.0001812144698254
30 26 -908209.9872160960221663
31 26 0.0000000529709685
86 26 -454104.9920146840158850
87 26 1111111.1132910000160336
88 26 908209.9808192290365696
89 26 -0.0043596690916355
94 26 -454104.9942419379949570
95 26 -1111111.1089316799771041
22 27 -333333.3333333380287513
23 27 -0.0000000014802974
24 27 -444444.4444449410075322
25 27 1812455.8977755398955196
26 27 0.0000009232831511
27 27 7249823.5664351899176836
28 27 333333.3333333409973420
30 27 444444.4444440060178749
31 27 1812455.8799975099973381
86 27 777777.7777775679714978
87 27 -906227.9497045950265601
88 27 0.0000004631218729
89 27 -3624911.7815827298909426
94 27 -777777.7777780439937487
95 27 -906227.9408166559878737
22 28 -15326.0435499823997816
23 28 0.0000678183739249
24 28 -20434.7245634343998972
25 28 83333.3337420341995312
26 28 -0.0001812144698254
27 28 333333.3333333409973420
28 28 30652.0876439985986508
29 28 0.0000678184079555
30 28 40869.4485830530029489
31 28 -0.0000000139698386
32 28 -0.0001811814696045
33 28 -333333.3333333270275034
34 28 -15326.0435499818995595
36 28 -20434.7245634499995504
37 28 -83333.3337420182942878
86 28 35760.7681133926016628
87 28 -41666.6668709974983358
88 28 0.0001134427731624
89 28 -166666.6666666659875773
94 28 -71521.5362271191988839
95 28 0.0000000300351530
96 28 0.0001134587968438
97 28 166666.6666666480014101
102 28 35760.7681133814985515
103 28 41666.6668709754012525
28 29 0.0000678184079555
29 29 0.0012237050310269
30 29 -0.0001812458493933
31 29 0.0000000001850372
32 29 -0.0014499640522019
33 29 0.0000000007401487
34 29 0.0000678184776842
36 29 -0.0001812459872937
37 29 0.0000000001850372
94 29 0.0001134271174091
95 29 0.0000000002180201
96 29 0.0002262600095388
97 29 -0.0000000007401487
102 29 0.0001134268452743
103 29 -0.0000000005880945
22 30 -20434.7245634022001468
23 30 -0.0001812443500781
24 30 86279.9483134103938937
25 30 111111.1116559420042904
26 30 -908209.9872160960221663
27 30 444444.4444440060178749
28 30 40869.4485830530029489
29 30 -0.0001812458493933
30 30 1643860.0814294801093638
31 30 0.0000002151355147
32 30 -908209.9872146620182320
33 30 -444444.4444436489720829
34 30 -20434.7245633856000495
36 30 86279.9483125010010554
37 30 -111111.1116558740031905
86 30 104444.1485378090001177
87 30 -333333.3346958850161172
88 30 -454104.9942418080172502
89 30 888888.8910680150147527
94 30 699321.6886890459572896
95 30 0.0000009275972843
96 30 -454104.9942411329830065
97 30 -888888.8910680150147527
102 30 104444.1485375049960567
103 30 333333.3346951319836080
22 31 -83333.3329246319044614
23 31 -0.0000000003700743
24 31 -111111.1105662290065084
25 31 453113.9718147109961137
26 31 0.0000000529709685
27 31 1812455.8799975099973381
28 31 -0.0000000139698386
29 31 0.0000000001850372
30 31 0.0000002151355147
31 31 906227.9418127089738846
32 31 -0.0000004618026756
33 31 1812455.8799978001043200
34 31 83333.3329246468056226
36 31 111111.1105664180067834
37 31 453113.9718147239764221
86 31 194444.4434907860122621
87 31 -226556.9858051360060927
88 31 0.0000000268555586
89 31 -906227.9408160520251840
94 31 0.0000001480802894
95 31 -453113.9694762189756148
96 31 -0.0000002286808918
97 31 -906227.9408162679756060
102 31 -194444.4434907310060225
103 31 -226556.9858049479953479
28 32 -0.0001811814696045
29 32 -0.0014499640522019
30 32 -908209.9872146620182320
31 32 -0.0000004618026756
32 32 1816419.9772250899113715
33 32 -0.0000016132771923
34 32 -0.0001813154765966
36 32 -908209.9827606419567019
37 32 -0.0000003101860511
94 32 -454104.9942412360105664
95 32 1111111.1089300399180502
96 32 908209.9808178279781714
97 32 0.0043608098302240
102 32 -454104.9920138680026866
103 32 -1111111.1132892300374806
28 33 -333333.3333333270275034
29 33 0.0000000007401487
30 33 -444444.4444436489720829
31 33 1812455.8799978001043200
32 33 -0.0000016132771923
33 33 7249823.5664348602294922
34 33 333333.3333333280170336
36 33 444444.4444452580064535
37 33 1812455.8977752099744976
94 33 777777.7777781749609858
95 33 -906227.9408172559924424
96 33 -0.0000007977568119
97 33 -3624911.7815824598073959
102 33 -777777.7777773439884186
103 33 -906227.9497041290160269
28 34 -15326.0435499818995595
29 34 0.0000678184776842
30 34 -20434.7245633856000495
31 34 83333.3329246468056226
32 34 -0.0001813154765966
33 34 333333.3333333280170336
34 34 33445.5065791399974842
35 34 0.0000344467928812
36 34 44594.0072606086978340
37 34 0.0004086634144187
38 34 -0.0001533066390608
39 34 -333333.3333333539776504
40 34 -18119.4625041436011088
42 34 -24159.2831989736987452
43 34 -83333.3333333149057580
94 34 35760.7681134148006095
95 34 -41666.6664623633987503
96 34 0.0001133926110826
97 34 -166666.6666666440141853
102 34 -78039.5138396895054029
103 34 -0.0002042932901531
104 34 0.0001188554423215
105 34 166666.6666666659875773
110 34 42278.7457031203011866
111 34 41666.6666666564997286
34 35 0.0000344467928812
35 35 0.0010808831418376
36 35 -0.0001533000655634
37 35 -0.0000000003700743
38 35 -0.0012264348082961
39 35 -0.0000000014802974
40 35 0.0000344466319480
42 35 -0.0001533005483628
43 35 -0.0000000003700743
102 35 0.0001188583267374
103 35 -0.0000000032553241
104 35 0.0001455419606811
105 35 0.0000000003700743
110 35 0.0001188585681371
111 35 0.0000000034403612
28 36 -20434.7245634499995504
29 36 -0.0001812459872937
30 36 86279.9483125010010554
31 36 111111.1105664180067834
32 36 -908209.9827606419567019
33 36 444444.4444452580064535
34 36 44594.0072606086978340
35 36 -0.0001533000655634
36 36 1793670.0992547299247235
37 36 0.0005450895987451
38 36 -1073745.9240335999056697
39 36 -444444.4444442819803953
40 36 -24159.2831989783007884
42 36 102005.8625736520043574
43 36 -111111.1111111450009048
94 36 104444.1485374899930321
95 36 -333333.3319704679888673
96 36 -454104.9920141050242819
97 36 888888.8867082040524110
102 36 763053.0219720830209553
103 36 0.0008181072771549
104 36 -536872.9624612180050462
105 36 -888888.8888882920145988
110 36 123480.7814563169959001
111 36 333333.3333319309749641
28 37 -83333.3337420182942878
29 37 0.0000000001850372
30 37 -111111.1116558740031905
31 37 453113.9718147239764221
32 37 -0.0000003101860511
33 37 1812455.8977752099744976
34 37 0.0004086634144187
35 37 -0.0000000003700743
36 37 0.0005450895987451
37 37 836372.8383179570082575
38 37 -0.0000000721950761
39 37 1533035.4218539800494909
40 37 83333.3333333557966398
42 37 111111.1111111579957651
43 37 383258.8552567079896107
94 37 194444.4453981230035424
95 37 -226556.9858053810021374
96 37 -0.0000001528725795
97 37 -906227.9497049789642915
102 37 -0.0009534405544400
103 37 -418186.4175980929867364
104 37 -0.0000000368376867
105 37 -766517.7118933650199324
110 37 -194444.4444444830005523
111 37 -191629.4275075260084122
34 38 -0.0001533066390608
35 38 -0.0012264348082961
36 38 -1073745.9240335999056697
37 38 -0.0000000721950761
38 38 2147491.8541992302052677
39 38 -0.0000003761309050
40 38 -0.0001533012229895
42 38 -1073745.9240336799994111
43 38 0.0000000807082307
102 38 -536872.9624611060135067
103 38 1111111.1111082299612463
104 38 1073745.9203232498839498
105 38 -0.0000002990200680
110 38 -536872.9624611920444295
111 38 -1111111.1111078700050712
34 39 -333333.3333333539776504
35 39 -0.0000000014802974
36 39 -444444.4444442819803953
37 39 1533035.4218539800494909
38 39 -0.0000003761309050
39 39 6132141.6988247903063893
40 39 333333.3333333539776504
42 39 444444.4444446170236915
43 39 1533035.4218532200902700
102 39 777777.7777779209427536
103 39 -766517.7118935879552737
104 39 -0.0000001910260472
105 39 -3066070.8474795999936759
110 39 -777777.7777777239680290
111 39 -766517.7118927839910612
34 40 -18119.4625041436011088
35 40 0.0000344466319480
36 40 -24159.2831989783007884
37 40 83333.3333333557966398
38 40 -0.0001533012229895
39 40 333333.3333333539776504
40 40 39541.4900220393028576
41 40 0.0000020428682618
42 40 52721.9853591372011579
43 40 -0.0005712895654142
44 40 -0.0001296760891714
45 40 -333333.3333333709742874
46 40 -21422.0270238109987986
48 40 -28562.7025846137985354
49 40 -83333.3327620686031878
102 40 42278.7457031191006536
103 40 -41666.6666666777018690
104 40 0.0001188578284908
105 40 -166666.6666666659875773
110 40 -92263.4753811684931861
111 40 0.0002856350038201
112 40 0.0001276234590503
113 40 166666.6666666580131277
118 40 49984.7296084256013273
119 40 41666.6663810429017758
40 41 0.0000020428682618
41 41 0.0009684334069964
42 41 -0.0001296682708047
43 41 0.0000000001850372
44 41 -0.0010373555854582
45 41 0.0000000007401487
46 41 0.0000020429614086
48 41 -0.0001296684592927
49 41 0.0000000001850372
110 41 0.0001276269401355
111 41 -0.0000000009434623
112 41 0.0000689195789413
113 41 -0.0000000007401487
118 41 0.0001276265598121
119 41 0.0000000005733879
34 42 -24159.2831989736987452
35 42 -0.0001533005483628
36 42 102005.8625736520043574
37 42 111111.1111111579957651
38 42 -1073745.9240336799994111
39 42 444444.4444446170236915
40 42 52721.9853591372011579
41 42 -0.0001296682708047
42 42 2120595.4342423700727522
43 42 -0.0007617301307619
44 42 -1269453.4477416400332004
45 42 -444444.4444444740074687
46 42 -28562.7025846159995126
48 42 120598.0777899779932341
49 42 -111111.1103494160051923
102 42 123480.7814566470042337
103 42 -333333.3333327550208196
104 42 -536872.9624612410552800
105 42 888888.8888855580007657
110 42 902131.7559004760114476
111 42 -0.0011430867016315
112 42 -634726.7241382789798081
113 42 -888888.8858326820190996
118 42 145987.1471190679876599
119 42 333333.3314322120277211
34 43 -83333.3333333149057580
35 43 -0.0000000003700743
36 43 -111111.1111111450009048
37 43 383258.8552567079896107
38 43 0.0000000807082307
39 43 1533035.4218532200902700
40 43 -0.0005712895654142
41 43 0.0000000001850372
42 43 -0.0007617301307619
43 43 707431.9447448479477316
44 43 -0.0000000857053946
45 43 1296692.3236994699109346
46 43 83333.3339046040055109
48 43 111111.1118728589935927
49 43 324173.0786903169937432
102 43 194444.4444443740067072
103 43 -191629.4275075129990000
104 43 0.0000000396139666
105 43 -766517.7118928950512782
110 43 0.0013330215588212
111 43 -353715.9705271960119717
112 43 -0.0000000450731433
113 43 -648346.1629921760177240
118 43 -194444.4457773889880627
119 43 -162086.5392023290041834
40 44 -0.0001296760891714
41 44 -0.0010373555854582
42 44 -1269453.4477416400332004
43 44 -0.0000000857053946
44 44 2538906.9093715301714838
45 44 -0.0000001803552306
46 44 -0.0001296758575430
48 44 -1269453.4564431998878717
49 44 -0.0000000985674164
110 44 -634726.7241382519714534
111 44 1111111.1141585900913924
112 44 1269453.4487373500596732
113 44 -0.0060930608706637
118 44 -634726.7284891899907961
119 44 -1111111.1080654698889703
40 45 -333333.3333333709742874
41 45 0.0000000007401487
42 45 -444444.4444444740074687
43 45 1296692.3236994699109346
44 45 -0.0000001803552306
45 45 5186769.2714939396828413
46 45 333333.3333333670161664
48 45 444444.4444446039851755
49 45 1296692.3059212600346655
110 45 777777.7777779139578342
111 45 -648346.1629922500578687
112 45 -0.0000000990593995
113 45 -2593384.6334617100656033
118 45 -777777.7777778250165284
119 45 -648346.1541031639790162
40 46 -21422.0270238109987986
41 46 0.0000020429614086
42 46 -28562.7025846159995126
43 46 83333.3339046040055109
44 46 -0.0001296758575430
45 46 333333.3333333670161664
46 46 46748.5649043451994658
47 46 -0.0000303036491711
48 46 62331.4186726714979159
49 46 0.0001041046343744
50 46 -0.0001096672329187
51 46 -333333.3333333510090597
52 46 -25326.5374034968008345
54 46 -33768.7164470792995417
55 46 -83333.3340086936950684
110 46 49984.7296084256013273
111 46 -41666.6669522992015118
112 46 0.0001276224325888
113 46 -166666.6666666620003525
118 46 -109079.9835770189965842
119 46 -0.0000520516186953
120 46 0.0001399889178665
121 46 166666.6666666659875773
126 46 59095.2538505729971803
127 46 41666.6670043542981148
46 47 -0.0000303036491711
47 47 0.0008831960486794
48 47 -0.0001096666156316
49 47 0.0000000005551115
50 47 -0.0008774526701819
51 47 0.0000000022204460
52 47 -0.0000303033095083
54 47 -0.0001096661675198
55 47 0.0000000005551115
118 47 0.0001399884954393
119 47 -0.0000000092753493
120 47 -0.0000057798397704
121 47 -0.0000000011102231
126 47 0.0001399877076645
127 47 0.0000000087202378
40 48 -28562.7025846137985354
41 48 -0.0001296684592927
42 48 120598.0777899779932341
43 48 111111.1118728589935927
44 48 -1269453.4564431998878717
45 48 444444.4444446039851755
46 48 62331.4186726714979159
47 48 -0.0001096666156316
48 48 2507108.2077740998938680
49 48 0.0001389747485518
50 48 -1500831.8519607400521636
51 48 -444444.4444444790133275
52 48 -33768.7164470728021115
54 48 142579.0252329710056074
55 48 -111111.1120114549994469
110 48 145987.1471198720100801
111 48 -333333.3352408109931275
112 48 -634726.7284891200251877
113 48 888888.8919233049964532
118 48 1066559.8433127899188548
119 48 0.0002124607563019
120 48 -750415.9260784350335598
121 48 -888888.8924836369697005
126 48 172595.6623387039871886
127 48 333333.3355816639959812
40 49 -83333.3327620686031878
41 49 0.0000000001850372
42 49 -111111.1103494160051923
43 49 324173.0786903169937432
44 49 -0.0000000985674164
45 49 1296692.3059212600346655
46 49 0.0001041046343744
47 49 0.0000000005551115
48 49 0.0001389747485518
49 49 598369.4391142129898071
50 49 -0.0000001600217859
51 49 1096785.4433015501126647
52 49 83333.3326579621061683
54 49 111111.1102106790058315
55 49 274196.3632293679984286
110 49 194444.4431115080078598
111 49 -162086.5392023519962095
112 49 -0.0000000515041543
113 49 -648346.1541030219523236
118 49 -0.0002428265288472
119 49 -299184.7173755450057797
120 49 -0.0000000840817107
121 49 -548392.7230014989618212
126 49 -194444.4428685489983764
127 49 -137098.1814458250009920
46 50 -0.0001096672329187
47 50 -0.0008774526701819
48 50 -1500831.8519607400521636
49 50 -0.0000001600217859
50 50 3001663.6961452201940119
51 50 0.0000000139041496
52 50 -0.0001096908696397
54 50 -1500831.8397972099483013
55 50 -0.0000003793317451
118 50 -750415.9260783869540319
119 50 1111111.1074993100482970
120 50 1500831.8427848101127893
121 50 0.0072043423079056
126 50 -750415.9199967529857531
127 50 -1111111.1147036498878151
46 51 -333333.3333333510090597
47 51 0.0000000022204460
48 51 -444444.4444444790133275
49 51 1096785.4433015501126647
50 51 0.0000000139041496
51 51 4387141.8222000300884247
52 51 333333.3333333489717916
54 51 444444.4444444309920073
55 51 1096785.4610790798906237
118 51 777777.7777778429444879
119 51 -548392.7230015100212768
120 51 -0.0000000093311962
121 51 -2193570.9083983497694135
126 51 -777777.7777778359595686
127 51 -548392.7318904439453036
46 52 -25326.5374034968008345
47 52 -0.0000303033095083
48 52 -33768.7164470728021115
49 52 83333.3326579621061683
50 52 -0.0001096908696397
51 52 333333.3333333489717916
52 52 55269.2457095459030825
53 52 -0.0000635011842435
54 52 73692.3265163674950600
55 52 0.0014738058671355
56 52 -0.0000927806290046
57 52 -333333.3333333249902353
118 52 59095.2538505773991346
119 52 -41666.6663289834032184
120 52 0.0001399746255337
121 52 -166666.6666666530072689
126 52 -128961.5722258939931635
127 52 -0.0007369136437774
128 52 0.0001562654399218
129 52 166666.6666666580131277
52 53 -0.0000635011842435
53 53 0.0008227759547956
54 53 -0.0000927694918331
55 53 -0.0000000005551115
56 53 -0.0007421580693334
57 53 -0.0000000022204460
126 53 0.0001562706760766
127 53 0.0000000002775558
128 53 -0.0000806178854623
129 53 0.0000000011102230
46 54 -33768.7164470792995417
47 54 -0.0001096661675198
48 54 142579.0252329710056074
49 54 111111.1102106790058315
50 54 -1500831.8397972099483013
51 54 444444.4444444309920073
52 54 73692.3265163674950600
53 54 -0.0000927694918331
54 54 2964069.1569936601445079
55 54 0.0019654482603073
56 54 -1774382.6956158399116248
57 54 -444444.4444445740082301
118 54 172595.6623401459946763
119 54 -333333.3310788180097006
120 54 -750415.9199966640444472
121 54 888888.8852799499873072
126 54 1260957.5948499899823219
127 54 0.0029247477650642
128 54 -887191.3477392790373415
129 54 -888888.8931484479689971
46 55 -83333.3340086936950684
47 55 0.0000000005551115
48 55 -111111.1120114549994469
49 55 274196.3632293679984286
50 55 -0.0000003793317451
51 55 1096785.4610790798906237
52 55 0.0014738058671355
53 55 -0.0000000005551115
54 55 0.0019654482603073
55 55 506120.7658683829940856
56 55 -0.0000001502632918
57 55 927697.5762054179795086
118 55 194444.4460203599883243
119 55 -137098.1814459500019439
120 55 -0.0000001937366904
121 55 -548392.7318901349790394
126 55 -0.0034386944025755
127 55 -253060.3803549000003841
128 55 -0.0000000743914972
129 55 -463848.7896997670177370
52 56 -0.0000927806290046
53 56 -0.0007421580693334
54 56 -1774382.6956158399116248
55 56 -0.0000001502632918
56 56 3548765.3779414300806820
57 56 0.0000002998410156
126 56 -887191.3477392379427329
127 56 1111111.1068853999022394
128 56 1774382.6841949799563736
129 56 0.0085174030791299
52 57 -333333.3333333249902353
53 57 -0.0000000022204460
54 57 -444444.4444445740082301
55 57 927697.5762054179795086
56 57 0.0000002998410156
57 57 3710790.3553780200891197
126 57 777777.7777777019655332
127 57 -463848.7896995539776981
128 57 0.0000001528811025
129 57 -1855395.1744951799046248
1 58 -0.0009001483833950
2 58 1774382.6857199000660330
3 58 -0.0000000151277696
4 58 0.0003611486104988
6 58 -887191.3434319649823010
7 58 -0.0000000090767112
58 58 1182921.8116352299693972
59 58 0.0000000802927122
60 58 1774382.6842356799170375
61 58 -0.0000000905979444
62 58 -591460.8992925620405003
63 58 -370370.3703703429782763
66 58 -887191.3436175580136478
67 58 -0.0000000218103675
134 58 591460.8918341059470549
135 58 0.0000000441221639
138 58 -295730.4461838059942238
139 58 -370370.3703703879727982
1 59 -0.0000000014802974
2 59 0.0000000924438363
3 59 -1855395.1729948599822819
4 59 -166666.6666666620003525
6 59 888888.8888887800276279
7 59 -463848.7954079119954258
58 59 0.0000000802927122
59 59 4567126.6077728597447276
60 59 0.0000002302730338
61 59 -2997176.8206307599321008
62 59 170940.1709401349944528
63 59 1141781.6415039200801402
66 59 -1230769.2307692999020219
67 59 -749294.2071401809807867
134 59 0.0000000782759316
135 59 428168.1146062909974717
138 59 337606.8376068730140105
139 59 107042.0304134589969181
58 60 1774382.6842356799170375
59 60 0.0000002302730338
60 60 10646296.1626408006995916
61 60 -0.0000005709162332
62 60 -887191.3436176369432360
63 60 1111111.1111111899372190
66 60 -5323148.0659197904169559
67 60 -0.0000001376943467
134 60 3548765.3706975402310491
135 60 0.0000003827012966
138 60 -1774382.6869566100649536
139 60 -2222222.2222221801057458
58 61 -0.0000000905979444
59 61 -2997176.8206307599321008
60 61 -0.0000005709162332
61 61 7707026.1734200101345778
62 61 1512820.5128206000663340
63 61 -749294.2071402480360121
66 61 307692.3076925299828872
67 61 1926756.5129412000533193
134 61 -0.0000002194558823
135 61 -4281681.1698076697066426
138 61 -1820512.8205129499547184
139 61 -1070420.2966820499859750
1 62 0.0003611530571266
2 62 -887191.3434319499647245
3 62 -777777.7777777799637988
4 62 -128961.5722443120030221
5 62 0.0001399809292081
6 62 1260957.5933177398983389
7 62 0.0000000242143869
8 62 -750415.9230439770035446
9 62 777777.7777777840383351
10 62 59095.2538505717966473
12 62 172595.6623417059890926
13 62 194444.4444444300024770
58 62 -591460.8992925620405003
59 62 170940.1709401349944528
60 62 -887191.3436176369432360
61 62 1512820.5128206000663340
62 62 1804307.2932015999685973
63 62 -0.0000000856816769
64 62 -500277.2825430089724250
65 62 -170940.1709402129927184
66 62 1544389.6189811499789357
67 62 0.0000001266598701
68 62 -750415.9232630430487916
69 62 -1512820.5128200699109584
70 62 -326527.1335134260007180
71 62 142450.1424501519941259
74 62 42715.9835974540983443
75 62 -378205.1282049770234153
134 62 -295730.4461838469724171
135 62 -470085.4700855219853111
138 62 -181973.8590753249882255
139 62 -0.0000000447034836
140 62 -250138.6403348459862173
141 62 470085.4700849190121517
146 62 333526.2048537730006501
147 62 302706.5527063219924457
1 63 -0.0000000008122553
2 63 -1111111.1111110900528729
3 63 -463848.7954079019837081
4 63 0.0000000020954758
5 63 0.0000000017792931
6 63 -0.0000000111758709
7 63 -253060.3801245829963591
8 63 1111111.1111110700294375
9 63 -548392.7274459300097078
10 63 -41666.6666666676974273
12 63 -333333.3333333510090597
13 63 -137098.1814458559965715
58 63 -370370.3703703429782763
59 63 1141781.6415039200801402
60 63 1111111.1111111899372190
61 63 -749294.2071402480360121
62 63 -0.0000000856816769
63 63 1635159.3869920698925853
64 63 370370.3703703989740461
65 63 1349889.7877316500525922
66 63 0.0000000633299351
67 63 -408789.8455794770270586
68 63 -1111111.1111107799224555
69 63 -885865.1748339569894597
70 63 -142450.1424501260044053
71 63 -210920.2796693840064108
74 63 247863.2478629380057100
75 63 -221466.2931361620139796
134 63 370370.3703703879727982
135 63 107042.0304134409961989
138 63 0.0000001043081284
139 63 -447722.2115775480051525
140 63 -370370.3703702460043132
141 63 126552.1681078919937136
146 63 269586.8945866929716431
147 63 305834.4051748400088400
4 64 0.0001399796451682
5 64 -0.0000057651576656
6 64 -750415.9230439889943227
7 64 -0.0000000100654210
8 64 1500831.8427976400125772
9 64 0.0000000405916110
10 64 0.0001399806726544
12 64 -750415.9230440260143951
13 64 -0.0000000017682250
62 64 -500277.2825430089724250
63 64 370370.3703703989740461
64 64 1000554.5727636100491509
65 64 0.0000001614450643
66 64 -750415.9232633339706808
67 64 -0.0000000706704402
68 64 1500831.8410427600611001
69 64 -0.0000002165536910
70 64 -500277.2825431260280311
71 64 -370370.3703703170176595
74 64 -750415.9232633860083297
75 64 -0.0000000538167896
138 64 -250138.6403349849861115
139 64 370370.3703703560167924
140 64 500277.2814924750127830
141 64 0.0000000500389204
146 64 -250138.6403349199972581
147 64 -370370.3703703209757805
4 65 166666.6666666399978567
5 65 -0.0000000003700743
6 65 -888888.8888889770023525
7 65 -548392.7274459300097078
8 65 0.0000000784557604
9 65 -2193570.9083982901647687
10 65 -166666.6666666530072689
12 65 888888.8888887610519305
13 65 -548392.7274458480533212
62 65 -170940.1709402129927184
63 65 1349889.7877316500525922
64 65 0.0000001614450643
65 65 5399559.1649916796013713
66 65 1230769.2307700000237674
67 65 -885865.1748341469792649
68 65 0.0000006676006752
69 65 -3543460.6987868701107800
70 65 170940.1709400560066570
71 65 1349889.7877317799720913
74 65 -1230769.2307702798862010
75 65 -885865.1748340500053018
138 65 -337606.8376064639887773
139 65 126552.1681081580027239
140 65 0.0000002208634793
141 65 506208.6707189549924806
146 65 337606.8376062610186636
147 65 126552.1681077679968439
58 66 -887191.3436175580136478
59 66 -1230769.2307692999020219
60 66 -5323148.0659197904169559
61 66 307692.3076925299828872
62 66 1544389.6189811499789357
63 66 0.0000000633299351
64 66 -750415.9232633339706808
65 66 1230769.2307700000237674
66 66 8620112.7177420295774937
67 66 0.0000003352761269
68 66 -4502495.5376748396083713
69 66 -307692.3076914619887248
70 66 42715.9835976851027226
71 66 -247863.2478629869874567
74 66 552421.5674061289755628
75 66 -76923.0769228608987760
134 66 -1774382.6869566200766712
135 66 2051282.0512818701099604
138 66 2731654.8858212498016655
139 66 -0.0000005215406418
140 66 -1500831.8461975099053234
141 66 -2051282.0512846000492573
146 66 249080.3623858520004433
147 66 598290.5982898100046441
58 67 -0.0000000218103675
59 67 -749294.2071401809807867
60 67 -0.0000001376943467
61 67 1926756.5129412000533193
62 67 0.0000001266598701
63 67 -408789.8455794770270586
64 67 -0.0000000706704402
65 67 -885865.1748341469792649
66 67 0.0000003352761269
67 67 1051173.9061071800533682
68 67 -0.0000004656987054
69 67 2277939.0144336200319231
70 67 378205.1282050849986263
71 67 -221466.2931362960080151
74 67 76923.0769232181046391
75 67 569484.7546029649674892
134 67 -0.0000000531857334
135 67 -1070420.2966819501016289
138 67 0.0000000391155481
139 67 -583985.4929768289439380
140 67 -0.0000001543219496
141 67 -1265521.6785861100070179
146 67 -455128.2051281000021845
147 67 -316380.4187368190032430
62 68 -750415.9232630430487916
63 68 -1111111.1111107799224555
64 68 1500831.8410427600611001
65 68 0.0000006676006752
66 68 -4502495.5376748396083713
67 68 -0.0000004656987054
68 68 9004991.0885112304240465
69 68 -0.0000014660264031
70 68 -750415.9232636690139771
71 68 1111111.1111111699137837
74 68 -4502495.5376751702278852
75 68 -0.0000003645768018
138 68 -1500831.8461977799888700
139 68 2222222.2222220897674561
140 68 3001663.6847175802104175
141 68 0.0000003785754141
146 68 -1500831.8461974200326949
147 68 -2222222.2222218802198768
62 69 -1512820.5128200699109584
63 69 -885865.1748339569894597
64 69 -0.0000002165536910
65 69 -3543460.6987868701107800
66 69 -307692.3076914619887248
67 69 2277939.0144336200319231
68 69 -0.0000014660264031
69 69 9111756.0956535898149014
70 69 1512820.5128202999476343
71 69 -885865.1748343519866467
74 69 307692.3076927399961278
75 69 2277939.0144333401694894
138 69 1820512.8205129199195653
139 69 -1265521.6785866199061275
140 69 -0.0000004850316588
141 69 -5062086.7119914004579186
146 69 -1820512.8205124100204557
147 69 -1265521.6785856499336660
4 70 59095.2538505686025019
5 70 0.0001399805917908
6 70 172595.6623417020018678
7 70 -194444.4444444540131371
8 70 -750415.9230440410319716
9 70 -777777.7777778280433267
10 70 -109079.9836797949974425
11 70 0.0001276260163865
12 70 1066559.8391085299663246
13 70 0.0000000232830644
14 70 -634726.7276185860391706
15 70 777777.7777777089504525
16 70 49984.7297112113010371
18 70 145987.1474173000024166
19 70 194444.4444444139953703
62 70 -326527.1335134260007180
63 70 -142450.1424501260044053
64 70 -500277.2825431260280311
65 70 170940.1709400560066570
66 70 42715.9835976851027226
67 70 378205.1282050849986263
68 70 -750415.9232636690139771
69 70 1512820.5128202999476343
70 70 1526143.0737572100479156
71 70 -0.0000002142041922
72 70 -423151.1518481089733541
73 70 -170940.1709402870037593
74 70 1306296.0658824499696493
75 70 -0.0000001117587090
76 70 -634726.7278776390012354
77 70 -1512820.5128205800428987
78 70 -276187.5016639570239931
79 70 142450.1424502010049764
82 70 36130.5986692388978554
83 70 -378205.1282051170128398
138 70 333526.2048539170064032
139 70 -302706.5527065269998275
140 70 -250138.6403350530017633
141 70 -470085.4700849539949559
146 70 -153919.5375092129979748
147 70 0.0000002663582563
148 70 -211575.5752332730044145
149 70 470085.4700854509719647
154 70 282107.5486723909853026
155 70 302706.5527065169881098
4 71 41666.6666666633027489
5 71 -0.0000000019643303
6 71 333333.3333332989714108
7 71 -137098.1814458619919606
8 71 -1111111.1111110399942845
9 71 -548392.7274459640029818
10 71 -0.0000000100117177
11 71 0.0000000003779412
12 71 -0.0000002458691597
13 71 -299184.7214866540161893
